1712732000920967 0 0 0 0 0 0 1
1712732001000140 -0.0101039325818419 -0.286594837903976 -0.0075596310198307 -7.82572625015847e-05 0.000476318135752531 -0.00163458239062831 0.999998547567567
1712732001100144 -0.031236432492733 -0.675476133823395 -0.0138414716348052 0.000443941546317366 0.000629795936918941 -0.00518667694135343 0.999986252233143
1712732001200154 -0.0543701313436031 -1.09051275253296 -0.0153898922726512 0.00069621610546802 0.000171510505235811 -0.00780867007544414 0.999969254796833
1712732001300171 -0.0750884264707565 -1.51674044132233 -0.0206625107675791 0.00111078521570105 0.000324093307392761 -0.0123167597689004 0.999923476346329
1712732001400188 -0.10256016254425 -1.95497477054596 -0.0236032623797655 0.00120133869380003 7.48561731635414e-05 -0.0164531636363747 0.999863913034294
1712732001500199 -0.149107500910759 -2.41725778579712 -0.0246124677360058 0.00138605508954666 0.00083141134336363 -0.0211823818116325 0.999774321688276
1712732001600206 -0.189088076353073 -2.89259099960327 -0.0274763721972704 0.00152729595389971 0.00110153969438998 -0.0269921369336824 0.999633872235792
1712732001700209 -0.243575572967529 -3.39009165763855 -0.0192858949303627 0.00135847153495144 0.00191582195983074 -0.0326173222257843 0.999465154206052
1712732001800204 -0.301834881305695 -3.90773153305054 -0.0420257449150085 0.00127658020046941 0.00154431050698053 -0.0386924094839418 0.999249159567511
1712732001900186 -0.372687697410583 -4.42916917800903 -0.0414996072649956 0.00159757707174685 0.00144737772745059 -0.045056966952445 0.998982093220024
1712732002000159 -0.454503178596497 -4.9737811088562 -0.0540395900607109 0.00173855654462845 0.00102309876027925 -0.0513183450761518 0.99868030828124
1712732002100119 -0.532775640487671 -5.52567863464355 -0.0550943873822689 0.00182625650930168 0.00102411023306352 -0.0573207012492434 0.998353621315457
1712732002200071 -0.63933128118515 -6.13907337188721 -0.0703789815306664 0.0021968724673298 0.00060042042626187 -0.0627534719538776 0.998026460072281
1712732002300021 -0.744757831096649 -6.73106479644775 -0.0734490528702736 0.00252961495795611 0.000483505566714661 -0.0684972496744091 0.997647981032174
1712732002399965 -0.84038633108139 -7.30484247207642 -0.0900457575917244 0.00290306755991715 0.000313646802640605 -0.072749427397408 0.997345975395587
1712732002499898 -0.959061563014984 -7.93051242828369 -0.094069242477417 0.00324433034923246 -0.000411695892140061 -0.0758631317200035 0.997112877297606
1712732002599838 -1.07788586616516 -8.57693195343018 -0.0895841717720032 0.00317930942555865 -0.000857909185133707 -0.0780397299753923 0.996944811175009
1712732002699799 -1.20115375518799 -9.24377918243408 -0.0811468288302422 0.00238709180067182 -0.000830876574395936 -0.0794152940973301 0.996838413435341
1712732002799783 -1.31929779052734 -9.90695667266846 -0.0922950282692909 0.0014512889497854 6.56288557895103e-05 -0.0806709340153768 0.99673973024974
1712732002899791 -1.46040976047516 -10.6084184646606 -0.0982480272650719 0.000648678702666768 0.000445957470505637 -0.0816376401102223 0.996661766124852
1712732002999823 -1.58560001850128 -11.3085994720459 -0.133781492710114 0.00062134462388234 -0.000541496050718175 -0.0828461913114494 0.996562004743344
1712732003099865 -1.71511316299438 -12.0310964584351 -0.14155675470829 0.000531424441865165 0.000306537503901128 -0.0839433792180564 0.996470337094022
1712732003199910 -1.86137223243713 -12.7764320373535 -0.16809669137001 0.00138277686274582 -0.000164536268398379 -0.08521805019487 0.996361352510699
1712732003299947 -2.00587511062622 -13.5308790206909 -0.160056635737419 0.00185271406698012 -0.000801832843993687 -0.0861185409730288 0.996282852113471
1712732003399979 -2.16332507133484 -14.3073387145996 -0.170980721712112 0.00236611820765375 -0.000890164414746977 -0.0868583869722111 0.996217461051817
1712732003500020 -2.32720756530762 -15.0932302474976 -0.216659143567085 0.0032534757661735 -0.00203476444191655 -0.0880607466903729 0.996107714818753
1712732003600062 -2.4826500415802 -15.8934516906738 -0.16821950674057 0.00250325056160965 -0.00230857692685627 -0.0892379226143494 0.996004516745117
1712732003700091 -2.64368653297424 -16.7151565551758 -0.15933646261692 0.00233667136124565 -0.000312176466264614 -0.0902648651714403 0.995915004720978
1712732003800116 -2.81052398681641 -17.5333690643311 -0.155723959207535 0.000570382141476886 0.00134973272346714 -0.0914095476839616 0.995812305345742
1712732003900130 -2.98685312271118 -18.3692321777344 -0.198434874415398 -0.000698533072152797 -0.000107489249288186 -0.0922172483249414 0.995738660296458
1712732004000147 -3.16759824752808 -19.2234001159668 -0.236259147524834 -0.000524051763140504 -3.4054599520769e-05 -0.0931833397565133 0.99564882835358
1712732004100152 -3.35341191291809 -20.0992107391357 -0.236986145377159 -0.00011013877317676 -0.000515319387458323 -0.0937076761643623 0.995599615178338
1712732004200154 -3.54465985298157 -20.9964942932129 -0.247493177652359 0.000461927236992786 -0.000160718165894976 -0.0944691040154187 0.995527673738617
1712732004300159 -3.72894620895386 -21.9002532958984 -0.233095988631248 0.000413752966197871 -0.000191017905161002 -0.0953582837575071 0.995442911491897
1712732004400148 -3.92993140220642 -22.831428527832 -0.242542147636414 0.000444697119891186 0.000208564895305084 -0.0957898978556072 0.995401453793377
1712732004500144 -4.13572597503662 -23.7787113189697 -0.269600570201874 -0.000314564053186644 9.25493130921352e-05 -0.0963114150688938 0.99535119621745
1712732004600141 -4.34477472305298 -24.7350597381592 -0.253872185945511 -0.00110046784794826 0.000219042461908517 -0.0968502245617311 0.995298334668183
1712732004700142 -4.55621480941772 -25.7175941467285 -0.283480316400528 -0.00114616095830814 0.000324286820362652 -0.0974645135627833 0.995238287923594
1712732004800143 -4.76928329467773 -26.7072429656982 -0.328616827726364 -0.000435330674726413 -6.92917629225738e-06 -0.0981736857119597 0.99516920062516
1712732004900141 -4.98760366439819 -27.7123756408691 -0.334378749132156 0.00109825850400045 -0.000149471700852212 -0.0988066285712871 0.99510603537354
1712732005000132 -5.21468782424927 -28.7433204650879 -0.319464474916458 0.00162600249167762 0.000499010474210398 -0.0991957163779054 0.995066488711542
1712732005100125 -5.44233846664429 -29.778564453125 -0.294470280408859 0.000965347300941284 0.000244353499435173 -0.0995963432936833 0.995027425148917
1712732005200118 -5.68551397323608 -30.8323040008545 -0.308394998311996 0.000834579373871434 0.000884587308481109 -0.099950882025406 0.994991629193385
1712732005300111 -5.91542673110962 -31.8779964447021 -0.335461020469666 0.000754585223158067 0.000688343299441382 -0.100535390215514 0.994932958595129
1712732005400103 -6.15455532073975 -32.9493675231934 -0.340830594301224 0.000516689269603348 0.00146997217620972 -0.100837705616801 0.994901668176277
1712732005500098 -6.39588260650635 -34.0306129455566 -0.34102675318718 2.01437022861713e-05 0.00147038022628325 -0.101517506258656 0.994832666079701
1712732005600081 -6.64868688583374 -35.1272354125977 -0.363908141851425 -0.000247878581283941 0.00216925059576905 -0.10166630872857 0.994816161196414
1712732005700066 -6.90261650085449 -36.2399559020996 -0.366584450006485 -0.000971629654176187 0.000977069679750977 -0.102253596817194 0.994757409225286
1712732005800051 -7.15945100784302 -37.3438186645508 -0.366688102483749 -0.00156228036613015 -0.000133210531053358 -0.102470177726137 0.994734841157072
1712732005900042 -7.42872047424316 -38.5292778015137 -0.405881524085999 -0.00170078408117604 -0.00123083040334787 -0.102986126794815 0.994680576907898
1712732006000023 -7.69254112243652 -39.6754875183105 -0.411280333995819 -0.00105920661633001 -0.0016372666680798 -0.103190767506831 0.994659671918266
1712732006100012 -7.95246028900146 -40.8268547058105 -0.399680197238922 0.000548061846264357 -0.00163447319239369 -0.103277614905358 0.994651075696928
1712732006200007 -8.21436786651611 -41.9771728515625 -0.386002451181412 0.00115419171993816 0.00302404548985236 -0.103403541629082 0.994634219484184
1712732006300021 -8.47273635864258 -43.1427230834961 -0.352826923131943 -0.000642379892632366 0.00240980958342532 -0.104235227078775 0.994549545071376
1712732006400008 -8.73703861236572 -44.3024711608887 -0.361349523067474 -0.00362345170546094 0.00553984482431834 -0.103814481743261 0.994574649836521
1712732006500008 -9.00955963134766 -45.4803924560547 -0.436758488416672 -0.0036956635112909 0.00474364109724754 -0.103386952385457 0.994623033121996
1712732006599998 -9.2677640914917 -46.596549987793 -0.509033977985382 -0.000288857864469546 0.000909183045740811 -0.102339185125334 0.994749104616439
1712732006700004 -9.55703353881836 -47.8520622253418 -0.489466041326523 0.00407763808161398 -0.00152624010425341 -0.101538098080386 0.994822123847795
1712732006800007 -9.8256368637085 -49.0558853149414 -0.401341021060944 0.00559208533029398 -0.00220602706242412 -0.0999992627900527 0.994969351019269
1712732006900014 -10.0773954391479 -50.1945495605469 -0.333030551671982 0.00354847374516731 -0.00116452755232153 -0.0983599426973063 0.995143896068424
1712732007000039 -10.339316368103 -51.3801460266113 -0.354562133550644 0.000312163408306519 -0.00100943888622985 -0.0967782802266089 0.995305404417921
1712732007100078 -10.5953464508057 -52.5771369934082 -0.418718785047531 -0.00229444288140144 -0.000370530354748243 -0.0958555033371174 0.995392546043574
1712732007200118 -10.8471097946167 -53.7706985473633 -0.455499649047852 -0.00189302536907495 -0.00137537430888495 -0.0950636656804135 0.995468444636928
1712732007300142 -11.0992832183838 -54.9881248474121 -0.453282177448273 -0.00084827400994515 -0.00181157762903543 -0.093994856099998 0.995570673354955
1712732007400159 -11.3493213653564 -56.1944694519043 -0.420581668615341 -0.0010810523794568 -0.00162243107104595 -0.0929944590326484 0.99566471747893
1712732007500174 -11.5961198806763 -57.3972015380859 -0.425513088703156 -0.00230866261851161 -0.000243417344501225 -0.0920005707290795 0.995756248190507
1712732007600193 -11.8388652801514 -58.6038932800293 -0.436002135276794 -0.00246610726977103 -0.00113504309002487 -0.0916875892727031 0.995784121165566
1712732007700219 -12.0840311050415 -59.8145065307617 -0.475404590368271 -0.00115322608128064 -0.000419112167691688 -0.091815896467302 0.995775243501515
1712732007800244 -12.3294162750244 -61.0226440429688 -0.473720699548721 0.000238168568499852 0.00102262813314641 -0.0928357407119317 0.99568088399542
1712732007900269 -12.5853748321533 -62.2454643249512 -0.407700955867767 0.000329728003127736 0.00321781199157092 -0.0944378395759366 0.995525505158788
1712732008000286 -12.8403968811035 -63.4402694702148 -0.405278205871582 -0.000228780217367035 0.00404054614984544 -0.0964239253482404 0.995332129626518
1712732008100279 -13.1077699661255 -64.6525497436523 -0.445374697446823 -0.000640168902183158 0.00372392639627907 -0.0985802750157057 0.995121928174533
1712732008200247 -13.3773365020752 -65.8409271240234 -0.414191126823425 -0.00176944729681339 0.00188898298548943 -0.100055803866602 0.994978460526735
1712732008300197 -13.6585416793823 -67.0370407104492 -0.424785852432251 -0.00188979468136975 -0.000226185993819022 -0.101034642813606 0.994881087601672
1712732008400149 -13.9396190643311 -68.2308502197266 -0.453039199113846 -0.00242242420209539 -0.00663083819430359 -0.101566030266823 0.994803752175104
1712732008500108 -14.199122428894 -69.4221954345703 -0.39636105298996 -0.00277175359428245 -0.00640744808189916 -0.101957892606069 0.994764218358511
1712732008600080 -14.464825630188 -70.6088562011719 -0.431712180376053 -0.00396898581660603 -0.000104380730425192 -0.102589836709529 0.99471581954856
1712732008700063 -14.7282028198242 -71.7804565429688 -0.463041752576828 -0.00451198000459706 0.000679937558059375 -0.103568798619735 0.994611825625364
1712732008800048 -15.0002908706665 -73.0221176147461 -0.475481331348419 -0.00150179992033107 -0.000455538489017288 -0.103922846526269 0.994584123667557
1712732008900015 -15.277099609375 -74.1900634765625 -0.422523707151413 0.0011109107956391 -0.000360629040531372 -0.103894607254937 0.994587626309136
1712732008999997 -15.5400190353394 -75.299919128418 -0.338735580444336 0.000157997981636763 -0.000534324838127432 -0.10343609384177 0.99463594547169
1712732009100012 -15.8105010986328 -76.4639892578125 -0.3489670753479 -0.00135115371065742 -0.000786386613082043 -0.103746593657719 0.994602533821509
1712732009200039 -16.0742855072021 -77.6253356933594 -0.401304632425308 6.50592628473626e-05 -0.000863828751305983 -0.104549880164223 0.994519266844452
1712732009300070 -16.33642578125 -78.79345703125 -0.374572396278381 0.000981641316146171 0.00208772594855237 -0.105510662709999 0.994415495572745
1712732009400094 -16.6106834411621 -79.9547119140625 -0.324591189622879 -0.00149817947500805 0.00378073647158237 -0.106450155232287 0.99430972334631
1712732009500103 -16.8858032226562 -81.1012420654297 -0.34083890914917 -0.0048709746059946 0.00326466898542117 -0.107353575795059 0.994203613605793
1712732009600108 -17.1663284301758 -82.2455444335938 -0.378509491682053 -0.00612537742278572 0.00182021285811952 -0.10828588013127 0.994099257992267
1712732009700113 -17.4464321136475 -83.3881607055664 -0.359076887369156 -0.00549502823727019 0.000931809120507974 -0.109136358956383 0.99401116268892
1712732009800123 -17.7236709594727 -84.5272216796875 -0.338298410177231 -0.00520464370497184 -0.000404391659636533 -0.11028117336151 0.993886719376659
1712732009900135 -18.0101718902588 -85.6701736450195 -0.377742975950241 -0.00758629730381656 0.00123140725518486 -0.111680736665411 0.99371441812387
1712732010000134 -18.2935905456543 -86.7925338745117 -0.352724015712738 -0.0100239493354228 -0.000636238445162472 -0.113057034313173 0.993537730855085
1712732010100111 -18.5734233856201 -87.9086227416992 -0.342444449663162 -0.00773219592190931 -0.000912140576534387 -0.114135344159048 0.99343470060165
1712732010200105 -18.862886428833 -89.0245590209961 -0.334265559911728 -0.00416728801620582 -0.00160604047526269 -0.11547726606759 0.993300083240778
1712732010300089 -19.146484375 -90.1345062255859 -0.27548223733902 -0.00374382175834145 -0.000273552336564358 -0.116651756392272 0.993165785102547
1712732010400076 -19.4343032836914 -91.2435684204102 -0.213518410921097 -0.00406241036550605 0.000191395845144867 -0.118104434049613 0.992992851357689
1712732010500053 -19.7330837249756 -92.3947219848633 -0.223770380020142 -0.00457173421582056 0.000791440573156822 -0.119317586980221 0.992845298274256
1712732010600028 -20.0215282440186 -93.4738464355469 -0.209319114685059 -0.00564482372118197 0.000668663911367016 -0.120184117039041 0.992735345832552
1712732010700008 -20.3094577789307 -94.5572814941406 -0.211691334843636 -0.00600615443689377 0.000424704184400355 -0.120954951776133 0.992639735944552
1712732010799992 -20.5809459686279 -95.5811538696289 -0.221358001232147 -0.00563150600605582 0.000285962999239039 -0.121367358954548 0.992591642391605
1712732010899971 -20.8639316558838 -96.6598663330078 -0.183113291859627 -0.00461457643642011 0.00194762240003152 -0.121196886311309 0.992615850769946
1712732010999963 -21.1508140563965 -97.7398529052734 -0.15536367893219 -0.00513081703894184 0.00407418573272404 -0.121234329152781 0.992602293550646
1712732011099975 -21.4375457763672 -98.8116302490234 -0.146884217858315 -0.00677148476952436 0.00288662009232704 -0.121561802952711 0.992556568907458
1712732011199981 -21.7205448150635 -99.8654861450195 -0.111510545015335 -0.00839357189926062 0.00526992031217374 -0.121591169854264 0.992530787081261
1712732011300007 -22.0221672058105 -100.943809509277 -0.181957304477692 -0.00851913376134252 0.00240695585171663 -0.121846811213155 0.992509438504577
1712732011400033 -22.3126811981201 -102.01505279541 -0.186927750706673 -0.00687424125602849 -0.00180065850887178 -0.121891363324375 0.992518008896067
1712732011500053 -22.6074771881104 -103.095817565918 -0.147162407636642 -0.00394989341912706 -0.00239511447382693 -0.12175371078738 0.992549593561016
1712732011600081 -22.8952293395996 -104.162353515625 -0.058003693819046 -0.00406007438285097 -0.00290492241568595 -0.121744303797548 0.992548941722581
1712732011700096 -23.1854820251465 -105.232490539551 -0.0208357945084572 -0.00708693063161048 -0.00178714224609291 -0.121769826143284 0.992531455913539
1712732011800112 -23.4711399078369 -106.30615234375 -0.0737370327115059 -0.00840378718037157 -0.00133386641961109 -0.121982556770735 0.992495769766842
1712732011900130 -23.7600631713867 -107.382217407227 -0.141462653875351 -0.00598819438794354 -0.00252383908923726 -0.122478887759722 0.992449844484529
1712732012000146 -24.0491943359375 -108.466789245605 -0.156598344445229 -0.00190766365391998 -0.00283496474149163 -0.122579669817558 0.992452794011744
1712732012100161 -24.3393688201904 -109.552810668945 -0.0697038993239403 -0.000359087977168263 -0.000576129053676756 -0.123097307116579 0.992394373276967
1712732012200165 -24.6359519958496 -110.629653930664 0.0541670769453049 -0.00316977733925287 0.000906574626887035 -0.123729805213435 0.99231046852077
1712732012300166 -24.9281463623047 -111.687950134277 0.0572697483003139 -0.00704053169408891 0.00243692344242496 -0.124268817398354 0.992220617272195
1712732012400157 -25.2219142913818 -112.737182617188 -0.028582327067852 -0.00852328955884069 0.000759749722167446 -0.125198230992804 0.992094843889297
1712732012500147 -25.5212955474854 -113.800010681152 -0.0626671314239502 -0.00625275016871136 -0.00241891118748596 -0.126093794854807 0.991995668782434
1712732012600128 -25.8192729949951 -114.859817504883 -0.0262736026197672 -0.003485093137199 -0.00407198650608535 -0.126271252076415 0.991981271975824
1712732012700112 -26.1174087524414 -115.923210144043 0.0391194000840187 -0.00355286777285105 -0.00278993726873759 -0.126636315017182 0.991938928109737
1712732012800108 -26.4092788696289 -116.962547302246 0.0840797275304794 -0.00559047890179186 -0.00275530709924982 -0.127366075062932 0.991836195019874
1712732012900098 -26.7060260772705 -117.998413085938 0.0577570796012878 -0.00755182649635355 -0.00222034921542529 -0.128140181952974 0.991724827628606
1712732013000094 -26.9918117523193 -119.02214050293 0.0355445444583893 -0.00621657262026245 -0.00207103973124442 -0.129075042281692 0.991613179863634
1712732013100085 -27.2862567901611 -120.061805725098 0.0166233293712139 -0.00338429414822768 -0.00217237766509076 -0.130007944093887 0.99150479666055
1712732013200073 -27.5856170654297 -121.085182189941 0.0628105327486992 -0.00110855439750267 -0.00141370691250274 -0.130873776600165 0.991397411303017
1712732013300066 -27.8799991607666 -122.112838745117 0.107451781630516 -0.00114865226116419 0.000265655369040171 -0.132013757739293 0.991247182993606
1712732013400063 -28.1753082275391 -123.111373901367 0.134335517883301 -0.00299156690286117 0.00102606394812007 -0.133334354690903 0.991066066203157
1712732013500057 -28.4752883911133 -124.120574951172 0.137023150920868 -0.0041375553622496 0.00165794155864977 -0.134734847210655 0.990871663139346
1712732013600051 -28.7678546905518 -125.092269897461 0.0939966514706612 -0.00423112189046945 0.00127357833677316 -0.136267820069957 0.990662180977527
1712732013700035 -29.0824794769287 -126.123413085938 0.117247261106968 -0.00354801455592066 0.000433810525018394 -0.137675318268246 0.990470963805036
1712732013800026 -29.3767051696777 -127.085800170898 0.116976238787174 -0.00295007890760637 0.000685938600309621 -0.139204432293712 0.990259033057745
1712732013900015 -29.6742401123047 -128.044921875 0.13800123333931 -0.00282308252563671 0.00315198315662503 -0.140548515068136 0.990064750468057
1712732014000020 -29.9555683135986 -128.943222045898 0.143294870853424 -0.00244066219321969 0.00340254893306937 -0.142350091551447 0.989807515259463
1712732014100029 -30.2611522674561 -129.86637878418 0.162559017539024 -0.00266517523818368 0.00185291057192234 -0.143967107216668 0.989577149899404
1712732014200046 -30.5564041137695 -130.796524047852 0.181600779294968 -0.00295353569087005 0.00246615926432432 -0.145875659241521 0.989295449664183
1712732014300066 -30.8532981872559 -131.708145141602 0.209612041711807 -0.00284855878289377 0.00406064547609079 -0.148054851892899 0.988966712130469
1712732014400084 -31.1564464569092 -132.604064941406 0.201214596629143 -0.00312044110237318 0.0031180786913223 -0.150483293201565 0.988602710344157
1712732014500089 -31.4593257904053 -133.49365234375 0.201204061508179 -0.00346685844530944 0.00227877447907328 -0.152654540387935 0.988270903840815
1712732014600085 -31.7542743682861 -134.358764648438 0.211618065834045 -0.00280435007330334 0.00174396368044492 -0.154551271694734 0.987979250100369
1712732014700063 -32.049674987793 -135.209426879883 0.233148887753487 -0.00327446783775773 0.0018614208300253 -0.156244428361282 0.987711238965584
1712732014800039 -32.3594436645508 -136.090713500977 0.259023308753967 -0.00375035455290753 0.00298857912777224 -0.157712844961981 0.987473372688865
1712732014900014 -32.6553535461426 -136.914428710938 0.277648508548737 -0.00416691619628996 0.0019206455585016 -0.158884663973752 0.987286489061812
1712732014999983 -32.931941986084 -137.693130493164 0.250257581472397 -0.00347752457151226 -9.45540395497954e-05 -0.159280498380206 0.987227238642726
1712732015099954 -33.220630645752 -138.516937255859 0.271449357271194 -0.0021365346771756 -0.000785612782876849 -0.158791613968738 0.987309496239822
1712732015199930 -33.4995765686035 -139.320785522461 0.265398770570755 -0.00235964391738032 -0.00176025875409214 -0.158087196585212 0.987420767376062
1712732015299907 -33.7771682739258 -140.119842529297 0.286883056163788 -0.00469637930333524 -0.00179061871703718 -0.156741648554772 0.987626849227167
1712732015399887 -34.0479202270508 -140.906753540039 0.33449849486351 -0.0068464272090724 -0.00134236877344504 -0.154405681455888 0.987982899657018
1712732015499869 -34.3016014099121 -141.688262939453 0.305921882390976 -0.00786435665187413 -0.00293777050035987 -0.151370248990396 0.988441484924386
1712732015599870 -34.5468940734863 -142.466278076172 0.285861253738403 -0.00664180559336747 -0.00241933192596764 -0.148253152258328 0.98892418116707
1712732015699890 -34.7835350036621 -143.234008789062 0.294347584247589 -0.00563942448481511 -0.00195040997296654 -0.144810648463505 0.989441392344184
1712732015799926 -35.0185165405273 -144.011596679688 0.327111423015594 -0.00449151319311401 -0.00145586292854813 -0.141357392258675 0.989947369523348
1712732015899982 -35.2384071350098 -144.730667114258 0.35940483212471 -0.00443160270500502 -9.520114131602e-05 -0.138547039015124 0.990345934416025
1712732016000047 -35.4652137756348 -145.526962280273 0.373228967189789 -0.00538647961793514 0.000437686639219676 -0.136061391915296 0.990685667554449
1712732016100094 -35.6812324523926 -146.26676940918 0.370051741600037 -0.00559273047780797 0.00108455589369387 -0.133389701056306 0.9910472908779
1712732016200133 -35.8985557556152 -147.019302368164 0.384727895259857 -0.00612672339776687 6.78983811656043e-05 -0.130782698683243 0.99139212442673
1712732016300164 -36.1033210754395 -147.756240844727 0.377484083175659 -0.00562826084751384 -0.000816780003332117 -0.128206427237343 0.991731197233048
1712732016400186 -36.3035278320312 -148.494781494141 0.387789577245712 -0.00531087238274397 -0.000719087862871627 -0.12560930119982 0.992065310853712
1712732016500202 -36.4908866882324 -149.228164672852 0.408550083637238 -0.00532289192453647 -0.000590167302049696 -0.12314711433322 0.992373975251022
1712732016600212 -36.6762313842773 -149.951568603516 0.429322928190231 -0.00516455761503208 0.00100297562001858 -0.120719281266654 0.992672743916649
1712732016700225 -36.8652114868164 -150.672515869141 0.418564707040787 -0.00463412009609001 0.00220985593037754 -0.118779718006487 0.992907357238328
1712732016800248 -37.0428886413574 -151.38703918457 0.424015730619431 -0.00458493166446756 0.00264991708052957 -0.117590383963178 0.993048064265014
1712732016900256 -37.223705291748 -152.105316162109 0.444520801305771 -0.00416447193635094 0.00256264825779362 -0.116080804755952 0.993227736611603
1712732017000258 -37.397891998291 -152.819778442383 0.43302720785141 -0.00317735553447306 0.00317141839836796 -0.114886030197722 0.993368535128105
1712732017100265 -37.5741729736328 -153.533569335938 0.415781676769257 -0.00228904578382051 0.00332300636243517 -0.114210198188349 0.993448412615317
1712732017200242 -37.7504653930664 -154.219940185547 0.435890078544617 -0.00254182922652928 0.00230662968058009 -0.112767682512853 0.993615452951684
1712732017300205 -37.9219169616699 -154.896377563477 0.525870323181152 -0.00412376681112804 0.00148484987922451 -0.110728717393473 0.993841003839407
1712732017400177 -38.0803756713867 -155.55891418457 0.537345468997955 -0.00623894828582114 0.000621695648043447 -0.109267848214734 0.993992568566451
1712732017500147 -38.2351036071777 -156.215316772461 0.509068369865417 -0.00762902524393421 0.00133263332874702 -0.107290178315007 0.994197585844671
1712732017600134 -38.3852577209473 -156.858856201172 0.467678844928741 -0.00707238481712604 -0.000771845317136058 -0.105778215819112 0.994364296767503
1712732017700135 -38.5291862487793 -157.495391845703 0.479383498430252 -0.00504869390895861 -0.000655773887752262 -0.104638208853682 0.994497323223303
1712732017800141 -38.6653099060059 -158.117477416992 0.519637823104858 -0.00323121042427786 -0.000687563479968859 -0.103717272683403 0.994601334144878
1712732017900148 -38.7979583740234 -158.715713500977 0.533772885799408 -0.00344999113802437 0.0030062105908718 -0.103027598721947 0.994667971818044
1712732018000158 -38.9265556335449 -159.307907104492 0.579743444919586 -0.00466352368837521 0.00262754160128228 -0.10278710902633 0.994688975403845
1712732018100159 -39.0606346130371 -159.881439208984 0.569457352161407 -0.00520068696646043 0.00382632750392977 -0.102365248703206 0.994725926037338
1712732018200167 -39.1922454833984 -160.449493408203 0.554595470428467 -0.00570979477940726 0.0019028776826664 -0.10236305114842 0.994728899278435
1712732018300168 -39.3161010742188 -161.014266967773 0.557246208190918 -0.00435118285683539 0.00204282707693644 -0.102629371400787 0.994708050732052
1712732018400160 -39.4371147155762 -161.565505981445 0.56255030632019 -0.00374030851168624 0.00439010886912249 -0.10306186307259 0.994658227441145
1712732018500137 -39.5621452331543 -162.103713989258 0.589429259300232 -0.00446315470062849 0.00350457839625075 -0.10277893724513 0.994688035636875
1712732018600122 -39.6955375671387 -162.632232666016 0.579345047473907 -0.00543976891438767 0.00241661241315386 -0.103025138908311 0.994660942055898
1712732018700110 -39.815803527832 -163.152969360352 0.62579482793808 -0.00661738183437616 0.000748079475880394 -0.103240862914264 0.994634090939715
1712732018800100 -39.9288291931152 -163.668640136719 0.637471556663513 -0.00780168159658525 0.00127291156840147 -0.103448317967848 0.994603417936027
1712732018900095 -40.0472831726074 -164.173690795898 0.604198932647705 -0.00824736335868918 0.0023081246471208 -0.104148208600483 0.994524913817423
1712732019000091 -40.1620483398438 -164.671203613281 0.580607831478119 -0.00661353855621205 0.00262131547868908 -0.105165439727059 0.994429293665438
1712732019100083 -40.2830276489258 -165.176086425781 0.597661852836609 -0.00518230790281054 0.00218501941439144 -0.105858219643623 0.994365328593491
1712732019200067 -40.4030380249023 -165.654037475586 0.632942020893097 -0.00508310798737256 0.000898451908773437 -0.106547864285283 0.994294175490132
1712732019300053 -40.521900177002 -166.128524780273 0.647641003131866 -0.00544854908161849 -0.000126405653709537 -0.107321013699019 0.994209483636689
1712732019400039 -40.6339530944824 -166.613372802734 0.659089803695679 -0.00573933645238788 -7.17557649780842e-05 -0.108181595265735 0.994114579570161
1712732019500024 -40.7428512573242 -167.058822631836 0.663043558597565 -0.00600498927753002 0.000417783116346092 -0.109032534861726 0.994019955485136
1712732019600011 -40.8481712341309 -167.493713378906 0.669498145580292 -0.00609318273076269 0.00118312554405895 -0.109722308784688 0.993942899915842
1712732019700000 -40.9527397155762 -167.905578613281 0.669988751411438 -0.00593630711227688 0.000999417177540433 -0.110514341195541 0.993856298371796
1712732019799994 -41.0570068359375 -168.332443237305 0.675377786159515 -0.00588447191315815 0.000791678102766454 -0.111277131946399 0.99377167706766
1712732019899997 -41.1681785583496 -168.763092041016 0.67207133769989 -0.00563754852562911 0.000402979830015467 -0.112087886282072 0.993682223551722
1712732020000005 -41.2769165039062 -169.19563293457 0.675986349582672 -0.00490311254466846 0.000245748557072146 -0.112862190269326 0.993598523098053
1712732020100025 -41.3748016357422 -169.581420898438 0.686239361763 -0.00425977965687147 0.000501287424858521 -0.113772762846446 0.993497539716369
1712732020200045 -41.4761390686035 -169.974044799805 0.701496064662933 -0.00415653183867474 0.000431138102985959 -0.114823301782233 0.993377142242983
1712732020300057 -41.5755271911621 -170.364212036133 0.720767676830292 -0.00458381622684819 0.00129261900203823 -0.115489983305652 0.99329722717874
1712732020400072 -41.6714744567871 -170.751754760742 0.710941553115845 -0.00448852897767989 0.00126731559531726 -0.11662656532355 0.993164886249826
1712732020500081 -41.7761268615723 -171.132125854492 0.712951719760895 -0.00414238048368413 0.00133237843697748 -0.117503596908304 0.993062923567908
1712732020600085 -41.8790245056152 -171.519943237305 0.722403109073639 -0.00392110256295737 0.00165004886400421 -0.118280766158171 0.992971078456202
1712732020700095 -41.9830360412598 -171.899703979492 0.731468379497528 -0.00415150739897403 0.00179621680407637 -0.119294746775838 0.99284857958462
1712732020800098 -42.0798568725586 -172.269729614258 0.739269495010376 -0.00444967940214935 0.00109554565878512 -0.120114020320107 0.992749526444344
1712732020900097 -42.1848220825195 -172.647644042969 0.733693659305573 -0.00461905800816904 0.00110078697523892 -0.120931394353401 0.992649510366521
1712732021000098 -42.286018371582 -173.023742675781 0.725264012813568 -0.00423133267108757 0.000938636040065808 -0.121704375074322 0.992556930293663
1712732021100092 -42.3846549987793 -173.386367797852 0.753455936908722 -0.00429178903718008 0.00172421890262812 -0.122249545637346 0.992488617671507
1712732021200088 -42.4816589355469 -173.757095336914 0.74671596288681 -0.00468763309492355 0.00181594228175787 -0.122764291274063 0.992423124094544
1712732021300079 -42.5865020751953 -174.135848999023 0.753843069076538 -0.00479990514391721 0.0020188931168848 -0.12324579343618 0.992362514095267
1712732021400061 -42.6847267150879 -174.499740600586 0.764801383018494 -0.00532219401945543 0.00243336809084587 -0.123298132469907 0.992352419002436
1712732021500040 -42.7898063659668 -174.888961791992 0.76256000995636 -0.00580506330809977 0.00198939868540831 -0.123354070774918 0.992343749290595
1712732021600025 -42.8867492675781 -175.244018554688 0.772345125675201 -0.00649546851596038 0.0022429575227561 -0.123429110581787 0.992329598818507
1712732021700029 -42.9944458007812 -175.613739013672 0.785604774951935 -0.00714056613820177 0.002187571898709 -0.123810979097891 0.99227771732476
1712732021800042 -43.0968246459961 -175.994262695312 0.783873856067657 -0.00788327647645743 0.0027641581690048 -0.124403837415067 0.992196502018637
1712732021900056 -43.2049903869629 -176.380905151367 0.77637791633606 -0.00822311228966841 0.00307688904022092 -0.125116337580279 0.992103228121249
1712732022000065 -43.3150329589844 -176.772354125977 0.777947008609772 -0.00849534730042864 0.00247254043629141 -0.125835354274471 0.992011683012178
1712732022100069 -43.4348335266113 -177.172897338867 0.760222315788269 -0.0078885152558718 0.00223782248792309 -0.126692698091737 0.991908122624171
1712732022200068 -43.5520477294922 -177.586502075195 0.762514650821686 -0.00728205004333475 0.00134809515298809 -0.127371129756996 0.991827479802335
1712732022300065 -43.6740074157715 -178.012466430664 0.775469958782196 -0.00610604713025253 0.00136197871734833 -0.128099033122039 0.991741649279496
1712732022400063 -43.7967948913574 -178.428283691406 0.787007629871368 -0.0057042270813046 0.00110204175642204 -0.128885912377721 0.991642409786882
1712732022500059 -43.9245414733887 -178.860549926758 0.785022795200348 -0.00499456969437039 0.000777697032069929 -0.129583974197566 0.991555567324423
1712732022600048 -44.0506553649902 -179.298980712891 0.781158328056335 -0.00405693482665661 0.000907977354454117 -0.12996876930162 0.991509372554369
1712732022700039 -44.1755180358887 -179.734771728516 0.79835832118988 -0.00353794938396883 0.000169364965338441 -0.130485112721621 0.991443941727262
1712732022800038 -44.3086242675781 -180.181442260742 0.836885452270508 -0.00406677485460739 0.0003445065876087 -0.131377165738827 0.991324055483335
1712732022900031 -44.4395561218262 -180.627197265625 0.842742443084717 -0.00520811763994897 0.00063664042651621 -0.131982515204848 0.991238158002313
1712732023000031 -44.570240020752 -181.064437866211 0.846887409687042 -0.00600068226297456 0.00100130259312248 -0.132778322968372 0.991127088801029
1712732023100040 -44.7045135498047 -181.518615722656 0.848831832408905 -0.00675960704818582 0.00122681173428785 -0.133754916484746 0.990990628089732
1712732023200049 -44.8386878967285 -181.969665527344 0.836471974849701 -0.0069145305936848 0.00162356684864194 -0.134654995539912 0.990867087693149
1712732023300057 -44.9767646789551 -182.420745849609 0.86025059223175 -0.00770131540148484 0.0015574850652537 -0.13569130514116 0.990720007716836
1712732023400062 -45.1159782409668 -182.893737792969 0.840318024158478 -0.00849820695667833 0.00163320294908246 -0.136486739642476 0.990604100046237
1712732023500063 -45.2640724182129 -183.360916137695 0.828606903553009 -0.00771754013073276 0.0026349299188926 -0.137397371867285 0.990482437462985
1712732023600061 -45.4039192199707 -183.833801269531 0.844765782356262 -0.00714224111142347 0.00251654333108839 -0.138195389945621 0.990376034443154
1712732023700056 -45.5494003295898 -184.309936523438 0.879226207733154 -0.00761400646038372 0.00405273759261668 -0.139060224263365 0.990246361392684
1712732023800058 -45.700496673584 -184.789627075195 0.888713181018829 -0.00885993840947498 0.00308450744841327 -0.140150397106346 0.990085780877654
1712732023900057 -45.8511009216309 -185.269058227539 0.836113333702087 -0.00747068820703539 0.00451797039277777 -0.14127992446625 0.98993118937836
1712732024000066 -46.0043029785156 -185.759124755859 0.833436489105225 -0.00585753303024791 0.00492558421872875 -0.142922210875514 0.989704334417789
1712732024100083 -46.1622924804688 -186.24723815918 0.867267966270447 -0.00515263042381168 0.00537828270166789 -0.145010886909401 0.989402025039693
1712732024200074 -46.3312034606934 -186.732971191406 0.908034801483154 -0.006218755195236 0.00415335012091616 -0.146470597829077 0.989186757259815
1712732024300059 -46.5033912658691 -187.218017578125 0.904345214366913 -0.0071337733863865 0.003018986099406 -0.148130678434631 0.988937458642709
1712732024400052 -46.6740875244141 -187.712936401367 0.929990112781525 -0.00824954117983409 0.00160628395035535 -0.150125938034152 0.988631158547797
1712732024500042 -46.8506317138672 -188.239151000977 0.923484861850739 -0.00821996302840372 0.00252459981550349 -0.152205691945356 0.98831143165655
1712732024600018 -47.0215148925781 -188.73551940918 0.916482090950012 -0.00844480316205626 0.00292510894464253 -0.153701803172867 0.988076861756526
1712732024700001 -47.2003555297852 -189.228713989258 0.922266662120819 -0.00874349397741631 0.00183470920569421 -0.155282655132855 0.987829682774358
1712732024800008 -47.3798751831055 -189.722702026367 0.912515044212341 -0.00805358413789259 0.00153294320153916 -0.15742027442842 0.987497669398038
1712732024900023 -47.5404891967773 -190.194976806641 0.91817981004715 -0.00709431327476355 0.00105238877307939 -0.159393397685611 0.987189094333637
1712732025000041 -47.7252655029297 -190.691757202148 0.946564137935638 -0.00666217503780265 0.00214772633290793 -0.161794291980883 0.986799680673727
1712732025100077 -47.9144515991211 -191.183074951172 0.966566264629364 -0.00689243155517076 0.00246781932501203 -0.165156087077623 0.986240270500168
1712732025200092 -48.0973815917969 -191.672592163086 0.956654667854309 -0.0064982724281345 0.00129922838507882 -0.168330762678517 0.985708292953408
1712732025300094 -48.282039642334 -192.155548095703 0.96057254076004 -0.00581815347636131 0.00152745370408573 -0.171239119489899 0.985211134697346
1712732025400100 -48.4736747741699 -192.626770019531 0.978466272354126 -0.00532318112586929 0.000883413692623114 -0.174434086306392 0.984654067608215
1712732025500103 -48.6709518432617 -193.09635925293 0.991027295589447 -0.00521555574548717 0.00179712752997172 -0.177677863050019 0.984073241833597
1712732025600100 -48.8616676330566 -193.559326171875 0.998839676380157 -0.00516549285354337 0.00153071991964289 -0.180996042777747 0.98346906767773
1712732025700089 -49.0553283691406 -194.013275146484 1.0029491186142 -0.00521235163911398 0.00185333423986982 -0.184068169653197 0.982897912025001
1712732025800078 -49.2510070800781 -194.467758178711 1.01045262813568 -0.00521276210457104 0.00170276597747443 -0.187314474716205 0.982284691553859
1712732025900071 -49.4502983093262 -194.919723510742 1.02281880378723 -0.00503203593501894 0.00162371971943145 -0.190758053506967 0.981622843647628
1712732026000050 -49.6430892944336 -195.362747192383 1.03186273574829 -0.00525586241940926 0.00255252660065339 -0.193669842110083 0.981049363067545
1712732026100028 -49.8645286560059 -195.829803466797 1.03473353385925 -0.00557365876418266 0.00211811307044073 -0.196736132286187 0.980438341854333
1712732026200024 -50.064567565918 -196.26155090332 1.03978872299194 -0.0058417366979495 0.00155245041681341 -0.199909339670489 0.979795754186843
1712732026300021 -50.2661209106445 -196.700561523438 1.04617130756378 -0.0060218630227435 0.0016860267801631 -0.202907105672345 0.979178023112807
1712732026400013 -50.4732818603516 -197.134689331055 1.06408059597015 -0.00647162622019928 0.0016046875999684 -0.205602345478037 0.978612905374593
1712732026500013 -50.6854591369629 -197.560562133789 1.07249486446381 -0.00730331973911006 0.00220671139686953 -0.208428898676299 0.978007763845556
1712732026600026 -50.8766632080078 -197.974533081055 1.06137299537659 -0.00781875498800809 0.00194910491409052 -0.211351415164095 0.977376921851854
1712732026700036 -51.1025695800781 -198.406097412109 1.0584282875061 -0.00757864592675496 0.00124560822049987 -0.213960791783679 0.976812055702313
1712732026800048 -51.3175010681152 -198.847427368164 1.07041144371033 -0.00734413968278 0.000856138885881975 -0.216582555197549 0.976236307162681
1712732026900058 -51.5413398742676 -199.295822143555 1.07281613349915 -0.0069471556985716 0.0010232540301523 -0.219130109812511 0.975670377203514
1712732027000059 -51.7691116333008 -199.742126464844 1.07421243190765 -0.00633187594602979 0.00111450878945904 -0.221200040616933 0.975207263738447
1712732027100058 -52.001823425293 -200.190444946289 1.07438266277313 -0.00571756791510556 0.000698400365325793 -0.223166360484965 0.974763354461974
1712732027200053 -52.239185333252 -200.626480102539 1.09225428104401 -0.00552443442880391 -0.000137538161276806 -0.224753827795278 0.974399906916491
1712732027300036 -52.4792251586914 -201.095321655273 1.109166264534 -0.00555143112976433 -0.000943695530966617 -0.225648538995129 0.974192500433318
1712732027400020 -52.7061882019043 -201.542068481445 1.12936091423035 -0.00616402470653199 -0.000837549725246592 -0.226109249820557 0.974082086097193
1712732027500011 -52.9289665222168 -201.978927612305 1.12286913394928 -0.00584178039184609 -7.92069294954089e-06 -0.226353719260399 0.974027652233806
1712732027600002 -53.148494720459 -202.423568725586 1.1315438747406 -0.00561476028287887 0.00115435141788726 -0.225979668077966 0.974115153128798
1712732027699986 -53.3552780151367 -202.826156616211 1.13908934593201 -0.00619520292258052 0.00179036058748019 -0.225093982075275 0.974315715414265
1712732027799971 -53.5707244873047 -203.255111694336 1.15942096710205 -0.00746724221837523 0.000944535311544002 -0.223428624161501 0.97469123216124
1712732027899933 -53.7704620361328 -203.674331665039 1.16281819343567 -0.00881730350817204 -0.000191149798046911 -0.220157160003878 0.975424545272276
1712732027999893 -53.9726409912109 -204.092056274414 1.16205167770386 -0.0092608983529006 -0.00118113209029274 -0.215564412254237 0.976444993257771
1712732028099876 -54.1577072143555 -204.520111083984 1.17207062244415 -0.00906994522121117 -0.000134991330012062 -0.210765436860072 0.97749457722087
1712732028199868 -54.332820892334 -204.949447631836 1.16556036472321 -0.0084824392625113 0.00118442018236947 -0.204997695824098 0.978724981841069
1712732028299856 -54.5077896118164 -205.373580932617 1.16693115234375 -0.00775188862618494 0.00168993608206745 -0.197885691161342 0.980192994043705
1712732028399854 -54.6652374267578 -205.802490234375 1.16483867168427 -0.00669687749691513 0.000592767869461135 -0.18973483644939 0.981812350857111
1712732028499869 -54.8184089660645 -206.225372314453 1.17350566387177 -0.00532343173092186 -9.4089716737062e-05 -0.181036932573315 0.983461886026183
1712732028599899 -54.9515686035156 -206.641555786133 1.20246648788452 -0.0047332916692725 9.60238211721537e-05 -0.171849732693545 0.985111798783547
1712732028699931 -55.0712966918945 -207.056274414062 1.21932363510132 -0.00479051359784478 0.00139622016482234 -0.162090061454396 0.986763352342612
1712732028799967 -55.1898002624512 -207.460586547852 1.22786700725555 -0.00508510531670095 0.00221721905734176 -0.151715995312377 0.988408560469781
1712732028900003 -55.2859230041504 -207.869903564453 1.22992539405823 -0.00527845149267754 0.00254897519280003 -0.140873507319522 0.990010250255422
1712732029000036 -55.3669395446777 -208.274261474609 1.23598086833954 -0.00567903396364595 0.00244768944126876 -0.129376687091302 0.991576235206814
1712732029100062 -55.4415130615234 -208.669845581055 1.24833810329437 -0.00634564488701668 0.00244790654261099 -0.116947957718616 0.993114754562619
1712732029200076 -55.5054931640625 -209.063385009766 1.24693703651428 -0.00667383198120166 0.00239438002137816 -0.10346924949137 0.994607380487744
1712732029300079 -55.5489273071289 -209.453948974609 1.24077224731445 -0.00628276010410945 0.00223303146929089 -0.0888712229817599 0.996020806118857
1712732029400077 -55.5685920715332 -209.837066650391 1.24640071392059 -0.00582534267152105 0.00249244433218667 -0.0733746139236541 0.997284322114594
1712732029500081 -55.5834617614746 -210.219360351562 1.25009751319885 -0.00539492413121564 0.00246737406761781 -0.0573482289079861 0.998336610317355
1712732029600089 -55.5858726501465 -210.590972900391 1.25092160701752 -0.00438128190669977 0.00298886526621536 -0.0404368990379216 0.999168018027735
1712732029700110 -55.5679702758789 -210.962631225586 1.26533508300781 -0.00433502722168441 0.00332246050206991 -0.02350629108506 0.999708769129602
1712732029800144 -55.5359992980957 -211.329559326172 1.26272618770599 -0.00392419337497422 0.00350354427465821 -0.00649808869389459 0.999965049752839
1712732029900163 -55.5019111633301 -211.68440246582 1.26299834251404 -0.00318707786882454 0.00329275487490941 0.0111650008636259 0.999927168875667
1712732030000172 -55.4473724365234 -212.038681030273 1.27511012554169 -0.00302413661134122 0.0032319258625953 0.0293911704694224 0.999558186576155
1712732030100170 -55.3774681091309 -212.377502441406 1.27911293506622 -0.00292712082533249 0.0021400052876678 0.0482939832807446 0.998826583306593
1712732030200139 -55.2889709472656 -212.713394165039 1.2753746509552 -0.00219579565090762 0.000740227232925196 0.0686920098908727 0.997635223076178
1712732030300093 -55.1849517822266 -213.031356811523 1.27750766277313 -0.00133121816015496 0.00012790957471881 0.0903269361976536 0.995911269187419
1712732030400060 -55.0630340576172 -213.343170166016 1.28849196434021 -0.00103640546947463 -0.000211361539942122 0.112747381872914 0.993623122250487
1712732030500037 -54.9250373840332 -213.641204833984 1.28255558013916 -0.000795518726049317 0.000665924836194151 0.135604139164656 0.990762555376151
1712732030600034 -54.7735824584961 -213.930313110352 1.28453481197357 -0.000417172378494675 0.00166013541374896 0.158653696321183 0.987332808409222
1712732030700053 -54.6117820739746 -214.208526611328 1.28266859054565 -0.000294426307675937 0.00245141323929441 0.181658260418283 0.983358622430333
1712732030800077 -54.4407272338867 -214.475250244141 1.28396248817444 0.000318652156469035 0.00230100962388678 0.204720204205921 0.978817777630443
1712732030900097 -54.2588005065918 -214.730224609375 1.29180455207825 0.000182216148417919 0.00238265275787858 0.228130300213409 0.973627678267032
1712732031000115 -54.0628662109375 -214.972961425781 1.30094182491302 -0.000146471069199562 0.00210544380451246 0.251628020648562 0.967821721639424
1712732031100130 -53.8505477905273 -215.20393371582 1.29829502105713 -0.000565095543819479 0.00177553327763762 0.275437950228599 0.961317046412095
1712732031200143 -53.6362342834473 -215.423599243164 1.29251861572266 -0.000716731293314362 0.00217481271557206 0.299409316538255 0.954122014029653
1712732031300161 -53.4046440124512 -215.631820678711 1.29121732711792 -0.0007366054911787 0.0022826206028076 0.323372463575541 0.946268723384969
1712732031400168 -53.1687278747559 -215.830078125 1.28973734378815 -0.000827251979175052 0.00224195246507771 0.347521114902219 0.937669112214126
1712732031500163 -52.9168739318848 -216.018005371094 1.28408670425415 -0.000296679620898155 0.00157626865285182 0.371873368698046 0.928282082672882
1712732031600152 -52.6467933654785 -216.189636230469 1.28404569625854 0.000133562734309546 0.00115843757964445 0.396402931552744 0.91807589884484
1712732031700147 -52.3789024353027 -216.344451904297 1.28003060817719 0.000245015829595502 0.00169756568473864 0.420724773458065 0.907186708035699
1712732031800139 -52.0908546447754 -216.490234375 1.28160333633423 0.000338506659215373 0.00210342665839833 0.445293518570178 0.89538212140344
1712732031900125 -51.7962532043457 -216.6181640625 1.26668763160706 0.000583586291134618 0.0032151538376753 0.470204488954499 0.882551449367049
1712732032000119 -51.4853096008301 -216.728073120117 1.26333141326904 0.00101588094984471 0.00406981553922417 0.494915924870171 0.8689307405641
1712732032100122 -51.1771469116211 -216.81721496582 1.25848519802094 0.00144530452155377 0.00487445701112843 0.519280522526284 0.854588725463024
1712732032200124 -50.8564109802246 -216.89453125 1.25114798545837 0.00205342579945072 0.00550256717540553 0.543575680347845 0.83933961239259
1712732032300125 -50.5303840637207 -216.954452514648 1.24213743209839 0.00330762384015171 0.00553834897747751 0.567600139850105 0.823279094570776
1712732032400127 -50.2000732421875 -216.994003295898 1.23516571521759 0.00458556470951343 0.0060171078011911 0.59112602350634 0.806543731823381
1712732032500141 -49.8623313903809 -217.020965576172 1.23846197128296 0.00541441949909115 0.00646998722435998 0.614090827093211 0.789190268190618
1712732032600149 -49.5210304260254 -217.021606445312 1.24306130409241 0.00562605472813116 0.0066911927528388 0.636733454674202 0.771034424099467
1712732032700145 -49.1935539245605 -216.995986938477 1.24075126647949 0.00604835435502793 0.00614887755641916 0.659222509991565 0.751898457928206
1712732032800131 -48.847728729248 -216.959777832031 1.23062038421631 0.00643420608836552 0.00573182376743939 0.681618413138037 0.73165708228616
1712732032900114 -48.5008583068848 -216.899475097656 1.22393465042114 0.00701020946157018 0.00525718551532599 0.703523622055727 0.710617852416721
1712732033000089 -48.1626930236816 -216.817108154297 1.21088266372681 0.00748361124773938 0.005093789726768 0.725284623515424 0.68838961625013
1712732033100056 -47.8301811218262 -216.671417236328 1.20989263057709 0.00806858871251343 0.00442008025622511 0.747807825187485 0.663851502487628
1712732033200024 -47.4815864562988 -216.535491943359 1.20320010185242 0.00927575780587431 0.00332683310108605 0.768955196410122 0.639226719100911
1712732033300009 -47.1317825317383 -216.386154174805 1.18512845039368 0.0105834050974208 0.00285447210818479 0.78947093332646 0.613690059360729
1712732033400015 -46.7717094421387 -216.246917724609 1.18833827972412 0.011508229763385 0.00248145483605434 0.808083266028122 0.588950624581496
1712732033500038 -46.4376678466797 -216.056686401367 1.19762742519379 0.0116671239366731 0.00141692485197652 0.826591090023253 0.562680229292963
1712732033600068 -46.1173820495605 -215.83317565918 1.18653130531311 0.0128617617977687 0.000365974458915805 0.84415453084177 0.535945490890132
1712732033700102 -45.8152885437012 -215.589202880859 1.17965114116669 0.013694060983113 -0.000190680485993652 0.860823449595109 0.508719397076541
1712732033800139 -45.5207481384277 -215.331085205078 1.18654334545135 0.0136929029155761 -0.000901658618542106 0.876423873115358 0.481344872264114
1712732033900176 -45.2397956848145 -215.052795410156 1.18704152107239 0.0137221090957571 -0.0019792139641797 0.890981839816734 0.453827222135071
1712732034000202 -44.9816741943359 -214.752380371094 1.17695915699005 0.0134170147317904 -0.00269176693270304 0.904697275131057 0.425835154111199
1712732034100229 -44.7429466247559 -214.442581176758 1.15891599655151 0.0132934669150292 -0.002707896073549 0.917257949445964 0.398062564447372
1712732034200266 -44.5105781555176 -214.118469238281 1.15717685222626 0.0124518389553745 -0.00252616047752003 0.92860120423648 0.37086166384574
1712732034300304 -44.3034057617188 -213.784881591797 1.1412456035614 0.0121954968304182 -0.0021152706140539 0.938824990499157 0.344172097505806
1712732034400324 -44.1059226989746 -213.434616088867 1.13980650901794 0.0118762962728106 -0.00167915998263646 0.948150481366116 0.317595337959793
1712732034500336 -43.9328384399414 -213.078216552734 1.13312971591949 0.0114513832718655 -0.000988803700464017 0.956509956000728 0.291473141403954
1712732034600347 -43.7766151428223 -212.7099609375 1.12804973125458 0.0112566327159946 -4.24054740446744e-05 0.963986197428895 0.26571393939395
1712732034700346 -43.6366882324219 -212.340148925781 1.11637270450592 0.0107163972914433 0.00122122577012539 0.970706499184743 0.240026164984593
1712732034800341 -43.512264251709 -211.960662841797 1.10739982128143 0.0116205796291839 0.00254965628421217 0.976566894675195 0.214884996233707
1712732034900340 -43.4020538330078 -211.565048217773 1.11247789859772 0.0117082001737157 0.00356037014114171 0.981661735481931 0.190237953373539
1712732035000338 -43.3118743896484 -211.169525146484 1.11614978313446 0.0117349458851473 0.00423874171818164 0.986030804307046 0.166095084428526
1712732035100339 -43.2478675842285 -210.757522583008 1.11674451828003 0.0107613323991104 0.00495732109018882 0.989712725386071 0.142577487358558
1712732035200347 -43.1867065429688 -210.333786010742 1.12531495094299 0.00989288006899393 0.00468666172531895 0.992697613938527 0.120131650311513
1712732035300361 -43.1368827819824 -209.910110473633 1.11573195457458 0.00920001734370984 0.00464363196012532 0.995057807005682 0.0987611111730611
1712732035400392 -43.0928649902344 -209.471099853516 1.1155264377594 0.00916497050781053 0.00403866649573013 0.996845844664013 0.0787277236087683
1712732035500431 -43.070011138916 -209.013870239258 1.10520589351654 0.00973086571229147 0.00387776218348116 0.998110748539408 0.0605409519502418
1712732035600472 -43.0498504638672 -208.543380737305 1.09412789344788 0.0100007648538543 0.00384209705769887 0.998976030634555 0.043955809743025
1712732035700512 -43.0392608642578 -208.068634033203 1.07918357849121 0.0105547077328732 0.00406352262638829 0.99951170137697 0.0291280747570644
1712732035800548 -43.0337867736816 -207.577499389648 1.0610499382019 0.0109184981046203 0.00491360087127075 0.999799015015654 0.0160801896551214
1712732035900586 -43.0427474975586 -207.077331542969 1.06109929084778 0.0110805204534804 0.0056198263301325 0.999909638820633 0.00513359640896729
1712732036000617 -43.0564384460449 -206.571762084961 1.06454598903656 0.00968202448551926 0.00562362996968981 0.999930501486472 -0.00369125789367921
1712732036100642 -43.0690040588379 -206.054962158203 1.06695818901062 0.00742538570182607 0.0052187818044204 0.999905530370168 -0.0103227079203982
1712732036200669 -43.0894241333008 -205.531982421875 1.06805336475372 0.0055073289474328 0.00401792207716439 0.999872912410773 -0.0144112684121021
1712732036300677 -43.0978469848633 -205.000045776367 1.06493031978607 0.0052317619172474 0.00247577506198167 0.999844844225449 -0.0166369071906986
1712732036400649 -43.1015777587891 -204.454483032227 1.0601669549942 0.00663157315189629 0.00118523610407669 0.999820496270719 -0.0177085484973273
1712732036500601 -43.1099472045898 -203.903671264648 1.03629767894745 0.00707329263521312 0.000890717984832108 0.999823193158438 -0.0173999303226259
1712732036600538 -43.122241973877 -203.34553527832 1.03228402137756 0.00630843602994804 0.000370524335103022 0.999853287847968 -0.0159207137459661
1712732036700444 -43.128246307373 -202.767700195312 1.01594030857086 0.00545133622763723 0.000148992079635376 0.999880490303135 -0.0144660238440023
1712732036800335 -43.1236000061035 -202.191650390625 1.01607346534729 0.00553392471843068 -0.000327123345214482 0.999904398432576 -0.0126673857885932
1712732036900244 -43.1169776916504 -201.5908203125 0.999581575393677 0.00632862465644659 -0.000273412576129433 0.999930546910146 -0.00993856687339107
1712732037000176 -43.1098556518555 -200.972961425781 1.00038802623749 0.00571120676779964 0.000206350085816598 0.999965518589692 -0.00602504510742303
1712732037100128 -43.0956802368164 -200.338958740234 1.00631988048553 0.00404587986060122 -7.45675753526572e-05 0.99999131828173 -0.000994312323991368
1712732037200090 -43.0680541992188 -199.696075439453 0.993357062339783 0.00348357323298248 -0.000350723413006441 0.999981242261023 0.00502561804350602
1712732037300052 -43.0175895690918 -199.000411987305 0.964977204799652 0.0032677793720889 0.000240378434237503 0.9999203121705 0.0121915193898342
1712732037400011 -42.957935333252 -198.315353393555 0.966777682304382 0.00415121138539139 0.000843905957201934 0.999800722677683 0.0195082085275017
1712732037499965 -42.9091186523438 -197.660430908203 0.966179668903351 0.00506605037981391 0.00108423625504477 0.999639042992082 0.0263617770866737
1712732037599916 -42.8344345092773 -196.955032348633 0.96177738904953 0.00487588466580065 0.00108836190455019 0.999418801160535 0.0337209297607571
1712732037699879 -42.7508659362793 -196.244766235352 0.94264829158783 0.00492489212410289 0.0021273646528253 0.999129209328142 0.041376839228271
1712732037799843 -42.6572685241699 -195.522277832031 0.932873964309692 0.00354138459901408 0.00316119344845304 0.998779200282747 0.0491688370175635
1712732037899810 -42.5524406433105 -194.791946411133 0.908524394035339 0.00411943652811253 0.0042987843666962 0.998365853795857 0.0568346080318102
1712732037999780 -42.4253387451172 -194.054870605469 0.911883771419525 0.00454239677914166 0.00522491859477955 0.99789155424004 0.0645330367608359
1712732038099749 -42.2865524291992 -193.318862915039 0.943734586238861 0.00460709631599844 0.00425615026133983 0.997409876698976 0.0716533161257776
1712732038199716 -42.1449127197266 -192.575317382812 0.921274185180664 0.00536621752024548 0.00348292597056093 0.996903456877117 0.0783745532852533
1712732038299690 -41.9941139221191 -191.828155517578 0.870678067207336 0.00677270588134748 0.00401426521144603 0.996375028140755 0.0847043058372247
1712732038399668 -41.8329925537109 -191.06462097168 0.831593155860901 0.00677552537155968 0.0064446278859626 0.99584146098333 0.0906219819576734
1712732038499657 -41.6618423461914 -190.300598144531 0.841806948184967 0.00706967251967065 0.00709102713948519 0.995331220093691 0.0959973925238353
1712732038599636 -41.483814239502 -189.528274536133 0.901961147785187 0.00783217656014332 0.00474803632879561 0.994929296249678 0.100158916854529
1712732038699605 -41.2998847961426 -188.75471496582 0.987292051315308 0.0074840337787676 -0.000489640905676768 0.994641586026593 0.103110934612608
1712732038799592 -41.1233215332031 -187.983871459961 0.900349199771881 0.00598631513030652 -0.00370149677937458 0.994397064283554 0.105474838217475
1712732038899597 -40.9312744140625 -187.194885253906 0.77017205953598 0.00636909563546075 -0.00179782011573252 0.99418541769003 0.107478173207954
1712732038999606 -40.7418518066406 -186.387954711914 0.707635402679443 0.00818703417113954 0.0030498590854388 0.994040148267807 0.108663951993083
1712732039099630 -40.5280418395996 -185.57080078125 0.768060505390167 0.00939827844746695 0.00574014253591076 0.993913328263376 0.10961304222724
1712732039199671 -40.3241386413574 -184.744155883789 0.821450471878052 0.00980157276913466 0.00631812313829661 0.993778251226901 0.110764605717094
1712732039299721 -40.1174850463867 -183.920196533203 0.825522124767303 0.00989718373848753 0.00575227163467184 0.99366390567988 0.11180786946407
1712732039399764 -39.9055824279785 -183.086639404297 0.827809393405914 0.00851427697234583 0.0036840923359993 0.993567239730303 0.112863079374985
1712732039499826 -39.6908531188965 -182.246597290039 0.832462072372437 0.00879372156621968 0.000308969524047387 0.993408339649958 0.114291057011311
1712732039599883 -39.4741134643555 -181.414199829102 0.836000382900238 0.00845579477036277 -0.0040473086636274 0.993276167858766 0.115388791445214
1712732039699939 -39.2514953613281 -180.566421508789 0.756309986114502 0.00829278344924783 -0.00539249655069132 0.993085896370469 0.116972446130177
1712732039799986 -39.0298461914062 -179.700820922852 0.637498497962952 0.00982580654176032 -0.00130146801451172 0.992898242170654 0.118553112153317
1712732039900023 -38.7970314025879 -178.823669433594 0.620423316955566 0.0112132142136312 0.00389423126579566 0.992717777650362 0.119877073399272
1712732040000055 -38.5512733459473 -177.925506591797 0.702867686748505 0.0109730171125597 0.00587719083843464 0.992505006295673 0.121568351149971
1712732040100078 -38.3094329833984 -177.040542602539 0.812737107276917 0.0106554912959044 0.00321800628032548 0.99233559145433 0.123069813007936
1712732040200093 -38.0609588623047 -176.155319213867 0.797029912471771 0.00839169657852898 -0.000680188463156816 0.992168690889693 0.124621047943036
1712732040300110 -37.8109169006348 -175.265380859375 0.702298700809479 0.00938267056741459 -0.00208642552873668 0.991933114334737 0.1263974248461
1712732040400124 -37.5513343811035 -174.36067199707 0.61119157075882 0.0112015910485401 0.000799438357079107 0.991680195814937 0.128235231058953
1712732040500126 -37.2837600708008 -173.432434082031 0.618907868862152 0.0110845262650261 0.0042247528019761 0.991457997889834 0.129885808160569
1712732040600124 -37.0140991210938 -172.511505126953 0.663906216621399 0.0117920320078968 0.00457168085148491 0.991224490350459 0.131582891915283
1712732040700112 -36.7383460998535 -171.582580566406 0.700026452541351 0.0119694803418036 0.00321593914037343 0.991027487416477 0.133082337148011
1712732040800101 -36.4605827331543 -170.66130065918 0.667696058750153 0.0128897058349835 0.0020643828422248 0.990846515938843 0.134360617960859
1712732040900087 -36.1841697692871 -169.726806640625 0.623407900333405 0.0131075789283686 0.00193242678230525 0.990678735156685 0.135573230431819
1712732041000067 -35.8966674804688 -168.781372070312 0.613773047924042 0.0128402682220445 0.00203059368398805 0.990555178124013 0.136497044997247
1712732041100030 -35.6007080078125 -167.791809082031 0.621315240859985 0.0129196542575559 0.000822052457865215 0.990557148386535 0.136487884238704
1712732041199983 -35.3224411010742 -166.875610351562 0.604845941066742 0.0136709291160469 -0.000280105337563776 0.990659323732783 0.135672884318895
1712732041299941 -35.0332221984863 -165.89616394043 0.558471739292145 0.0143295455229378 0.000125138592513609 0.990869523062597 0.134060571127904
1712732041399911 -34.7476081848145 -164.911956787109 0.566917419433594 0.0146322205632252 -1.5669043527547e-06 0.991109169162856 0.13224414134565
1712732041499909 -34.4625244140625 -163.920425415039 0.557226777076721 0.0146844288260455 -0.000663708560185452 0.991361545933271 0.130331163908693
1712732041599924 -34.1823387145996 -162.923263549805 0.527544677257538 0.0144348464651666 -0.000150650358089766 0.991582856620725 0.12866643294923
1712732041699976 -33.9194831848145 -161.967849731445 0.473959535360336 0.0125989471131944 0.00205855598445591 0.99168211931734 0.128076551738276
1712732041800039 -33.6222763061523 -160.895034790039 0.475031077861786 0.01269318464967 0.00394541444600246 0.991685153832995 0.127999501700307
1712732041900084 -33.3356513977051 -159.872146606445 0.510386288166046 0.0123554337668747 0.00435390763373499 0.991702758486742 0.12788285872053
1712732042000124 -33.0409660339355 -158.844711303711 0.530157148838043 0.0118710175729823 0.00336963172405906 0.991716793721899 0.127849620937185
1712732042100163 -32.7526741027832 -157.821868896484 0.526084363460541 0.0113447113435373 0.00135139565438833 0.991658169097273 0.128388266274456
1712732042200190 -32.4553260803223 -156.777694702148 0.453326195478439 0.0113636070758554 0.00122982068644248 0.991578802410702 0.128999358855239
1712732042300198 -32.1552810668945 -155.730117797852 0.408112347126007 0.0122387897342327 0.00276565541620271 0.991511982245283 0.129408470510976
1712732042400197 -31.8507423400879 -154.675155639648 0.42181533575058 0.0128852588472487 0.00395351158103053 0.991435892505831 0.129896924142891
1712732042500191 -31.5498962402344 -153.609817504883 0.43206450343132 0.0126997359225912 0.00369820764568783 0.991413938738054 0.130090130461938
1712732042600179 -31.2369060516357 -152.541931152344 0.408322602510452 0.0121130585060116 0.00352649298042301 0.991393931828234 0.130303144992912
1712732042700162 -30.9323692321777 -151.473236083984 0.408565729856491 0.0131981575287133 0.00331632188404383 0.991363700694182 0.130433215067882
1712732042800146 -30.6194305419922 -150.397262573242 0.382724165916443 0.0124022611326129 0.00272644781696949 0.991372724690415 0.13045639555423
1712732042900138 -30.3105068206787 -149.318786621094 0.371568411588669 0.0124225741087573 0.00187957659208383 0.991328288338158 0.130806619040797
1712732043000128 -29.9985694885254 -148.221893310547 0.35171976685524 0.0126420425851417 0.00175507126174024 0.991294716865087 0.131041530819465
1712732043100114 -29.6757221221924 -147.121734619141 0.318866163492203 0.0125862697849404 0.0028395534184725 0.991303559648586 0.130960968908014
1712732043200097 -29.3566608428955 -146.019409179688 0.284723699092865 0.0123544115455775 0.00396076300837734 0.991301589609097 0.130968848625278
1712732043300085 -29.0378475189209 -144.905212402344 0.295153081417084 0.0122715564587271 0.00404117529042017 0.991307813961072 0.130927062840628
1712732043400077 -28.714635848999 -143.792846679688 0.299143105745316 0.0121352880936704 0.00362211022637399 0.991298880850914 0.131019631827134
1712732043500070 -28.3925704956055 -142.664733886719 0.246114373207092 0.011379816803393 0.00377495018097265 0.991272238472459 0.131284419313384
1712732043600058 -28.0594177246094 -141.539016723633 0.252621054649353 0.0126269525315295 0.00377137154607606 0.991265460078798 0.131221661630983
1712732043700032 -27.7095317840576 -140.349395751953 0.222539484500885 0.0149047093718727 0.00378852773584214 0.991291924127074 0.130781565430985
1712732043799995 -27.3961391448975 -139.261001586914 0.198795169591904 0.0178545262278204 0.0034472416419123 0.991427045978953 0.129389894967454
1712732043899955 -27.0731372833252 -138.116455078125 0.190682381391525 0.0191235923545234 0.00331314848363367 0.99169586690323 0.127132288698168
1712732043999942 -26.755350112915 -136.963134765625 0.212802812457085 0.0189163422915014 0.00133629554274376 0.991973139886541 0.125018702809501
1712732044099979 -26.4490985870361 -135.807678222656 0.223868370056152 0.016741391937752 -0.00151294654353196 0.99210402720241 0.124286105408057
1712732044200028 -26.1415519714355 -134.643997192383 0.163105964660645 0.0119942285038513 -0.0022026707015465 0.992184053282386 0.124185712288144
1712732044300068 -25.8372001647949 -133.481170654297 0.124875865876675 0.00790321608927577 -0.00168127860690021 0.992216171357304 0.124264965999053
1712732044400101 -25.5231704711914 -132.303039550781 0.105968497693539 0.00609605291198575 -0.000665070399206248 0.992190280357201 0.124582676905568
1712732044500128 -25.1984405517578 -131.114074707031 0.0790535435080528 0.00485111548865007 0.001329467425494 0.99213252585152 0.125090968268551
1712732044600135 -24.8720645904541 -129.927459716797 0.0774368122220039 0.00474485813058804 0.00261702774625366 0.992108577464592 0.125264552081902
1712732044700138 -24.5375175476074 -128.738128662109 0.0949370861053467 0.00553970830646956 0.00260318606788053 0.992071745712937 0.125523648816711
1712732044800135 -24.207914352417 -127.539535522461 0.108713932335377 0.00666558406375335 0.00252082716832106 0.992040342574795 0.125718630773481
1712732044900132 -23.8657302856445 -126.34619140625 0.0770310238003731 0.00637519781973868 0.0021883073807222 0.99202769685239 0.125839647334653
1712732045000130 -23.5323219299316 -125.154037475586 0.0747078657150269 0.00783184689262959 0.00121509099580033 0.991999068421234 0.125996166527104
1712732045100133 -23.196870803833 -123.948532104492 0.0753514841198921 0.00907966510415631 0.000925413580769798 0.991939492222627 0.126383333792147
1712732045200129 -22.8545112609863 -122.733703613281 0.0335821621119976 0.00840807034068177 0.00120827919058399 0.991918802769988 0.12658962487462
1712732045300122 -22.5136051177979 -121.52123260498 0.0143911512568593 0.00872396976669587 0.000998991460042559 0.991875591554652 0.126908255230625
1712732045400120 -22.167875289917 -120.2958984375 0.00350029859691858 0.00900947123844719 0.00145943410412507 0.991834719097316 0.127202946008527
1712732045500112 -21.8219947814941 -119.06120300293 0.00122078275308013 0.0089217715256856 0.002060867922212 0.99178870882967 0.127559052419761
1712732045600098 -21.4756412506104 -117.828536987305 -0.00369127700105309 0.00881959746365922 0.00227999414530191 0.991745485168467 0.127898041326829
1712732045700081 -21.1183490753174 -116.577735900879 -0.0148720294237137 0.00813302883481516 0.00194287621891014 0.991714922349497 0.12818577090809
1712732045800064 -20.7663745880127 -115.338012695312 -0.0316759012639523 0.00937010241692129 0.00208707032976591 0.991644581401364 0.128642409396934
1712732045900042 -20.3911380767822 -114.007751464844 -0.0556293576955795 0.00902996647603732 0.0021932481350491 0.991643898873677 0.128670226527635
1712732046000021 -20.0312175750732 -112.742546081543 -0.0778998732566833 0.0097586463794158 0.00221143166449597 0.991618762485259 0.128810357805725
1712732046099998 -19.6932373046875 -111.53734588623 -0.097322404384613 0.00868904324074876 0.00211029584038982 0.991644770482554 0.128688369146669
1712732046199991 -19.3301944732666 -110.250762939453 -0.0583605356514454 0.00978823407792385 0.00167715008287357 0.99165760148442 0.128516843485216
1712732046299986 -18.9696407318115 -108.963317871094 -0.0779444053769112 0.00818951359023628 0.00104850924733046 0.991710294690919 0.128228405197776
1712732046399976 -18.6035251617432 -107.679641723633 -0.108216896653175 0.00805772536118754 -0.00103858829202618 0.991826324026096 0.1273363159717
1712732046499959 -18.2409210205078 -106.398849487305 -0.159457787871361 0.00917406490822989 0.000370494763086471 0.991993105326703 0.125957843149897
1712732046599959 -17.8808441162109 -105.088356018066 -0.165364027023315 0.0109996739918941 0.00146852451095344 0.99215556579912 0.124515797638936
1712732046699975 -17.5257797241211 -103.78052520752 -0.153932243585587 0.0120683094873968 0.00111516583486773 0.992335527960888 0.122976876923519
1712732046799992 -17.1725845336914 -102.462066650391 -0.207565769553185 0.0118722353917821 0.00335375918151968 0.992544642640076 0.12125565839431
1712732046900017 -16.8260765075684 -101.133750915527 -0.225751772522926 0.0115372844521161 0.00623395236560219 0.992741267867061 0.119552515569833
1712732047000051 -16.4805526733398 -99.796501159668 -0.16544571518898 0.0112764739098503 0.00528750440417186 0.992968769510581 0.117719608434531
1712732047100077 -16.1380195617676 -98.4579696655273 -0.164628714323044 0.0107230470383807 0.00283902511275216 0.993222383972466 0.11569897222825
1712732047200098 -15.803973197937 -97.1228561401367 -0.220708951354027 0.0104444713554293 0.00129244657863599 0.99346693993802 0.113633981933808
1712732047300119 -15.47145652771 -95.7723770141602 -0.290854245424271 0.0107025963329215 0.00220551559673885 0.99369731220158 0.111562726105288
1712732047400144 -15.1406497955322 -94.4138641357422 -0.315012514591217 0.0113981448306526 0.00410745656160814 0.993889424670064 0.109713365749227
1712732047500164 -14.8222532272339 -93.0559310913086 -0.291035562753677 0.0112489749123396 0.00418413870322168 0.994112870521131 0.107682655107362
1712732047600174 -14.5015525817871 -91.6839370727539 -0.272201210260391 0.0106083471186129 0.00327198227719808 0.994354915586404 0.105522788783014
1712732047700182 -14.185474395752 -90.3157272338867 -0.290342688560486 0.010510529632109 0.00130035231555595 0.994584572986211 0.103389385473292
1712732047800196 -13.8780212402344 -88.9482421875 -0.342203944921494 0.010588251242461 0.00142169628851934 0.994756310470816 0.101714062419015
1712732047900210 -13.5713548660278 -87.5535888671875 -0.388266384601593 0.00866547723838192 0.00435434829591527 0.994907199483332 0.100327531472583
1712732048000219 -13.2596921920776 -86.1493453979492 -0.328243315219879 0.00982825338330851 0.00463078789313123 0.99500246620882 0.0992575109363925
1712732048100226 -12.9553604125977 -84.7654037475586 -0.318237036466599 0.00879739717170373 0.00239448972928214 0.995124088895759 0.0982085531984098
1712732048200233 -12.6515979766846 -83.3791961669922 -0.374502688646317 0.00933494514090206 -0.000485601894098316 0.995160935028209 0.0978127618657038
1712732048300242 -12.3492383956909 -81.9845886230469 -0.411986649036407 0.00989887488511554 -0.000775995751009759 0.995172893525005 0.0976336115263215
1712732048400240 -12.0435371398926 -80.5839996337891 -0.438153564929962 0.0100709096444166 -0.000377669880094302 0.995183578899168 0.0975093761329577
1712732048500232 -11.7391757965088 -79.1769180297852 -0.439596593379974 0.0097673481585935 -5.98756741285611e-05 0.995173591601501 0.0976428077424103
1712732048600217 -11.4376802444458 -77.7825088500977 -0.446018040180206 0.00962302566724544 0.000337159706640362 0.995172020934871 0.0976725777726041
1712732048700196 -11.1293163299561 -76.3758163452148 -0.423004329204559 0.0102394725517276 -0.000258574557229371 0.99516634151459 0.0976680042671408
1712732048800178 -10.8212509155273 -74.9702529907227 -0.417167842388153 0.0104852961803052 -0.00155117789624739 0.995164529919379 0.0976484039884275
1712732048900164 -10.5167417526245 -73.5608444213867 -0.466582745313644 0.0106834085948731 -0.00122171226391296 0.995135314952493 0.0979289392076854
1712732049000145 -10.213885307312 -72.1524200439453 -0.489466845989227 0.0109613230602385 0.000713499328366804 0.995119874798848 0.0980600586161484
1712732049100131 -9.90315723419189 -70.7415008544922 -0.477138847112656 0.0108722635326032 0.00200439248014419 0.995110027930466 0.0981519669119775
1712732049200115 -9.59547901153564 -69.3340301513672 -0.45908185839653 0.0104340743244868 0.0022298489724753 0.995113177184456 0.0981627345809413
1712732049300097 -9.28799438476562 -67.9193878173828 -0.429522156715393 0.00957191881220615 0.000778477685135165 0.995123725690438 0.0981658948450388
1712732049400081 -8.97892475128174 -66.5079650878906 -0.44469028711319 0.00994201598651235 -0.00115240246059863 0.995103010897783 0.0983352733705438
1712732049500059 -8.67022705078125 -65.1040344238281 -0.490916311740875 0.0100261750494919 -0.00194719549599887 0.995085523046489 0.0984910456177227
1712732049600044 -8.36211967468262 -63.6982612609863 -0.510156750679016 0.0107193912080681 -0.00118260178342018 0.995071067791584 0.0985761946377855
1712732049700030 -8.03463363647461 -62.2182502746582 -0.499395102262497 0.0112354273668762 -0.00105169271910418 0.995055932232121 0.0986729488967061
1712732049800017 -7.72274732589722 -60.8046951293945 -0.496104836463928 0.0116777132819827 -0.00127153940086502 0.995053833647026 0.0986401659792426
1712732049900012 -7.41305160522461 -59.3822402954102 -0.495308071374893 0.0114460579750187 -0.00129177321242409 0.995051617101308 0.0986894035997393
1712732050000014 -7.10232257843018 -57.9716949462891 -0.482079863548279 0.0113875361678489 -0.00251005204814624 0.995032570852713 0.0988645871937079
1712732050100021 -6.8067889213562 -56.6304550170898 -0.489642888307571 0.0106717352600472 -0.00373460931442166 0.995024877735281 0.0989831270858685
1712732050200029 -6.49647617340088 -55.2091674804688 -0.520324409008026 0.0108135842702196 -0.00324523599493671 0.99500218711932 0.0992128140228764
1712732050300040 -6.18485260009766 -53.787410736084 -0.513738036155701 0.0100802957208721 -0.00283283609486023 0.995001665166029 0.0993078496125505
1712732050400058 -5.86997222900391 -52.3677673339844 -0.477967351675034 0.0100627414075419 -0.00312296915138854 0.994986383265869 0.0994539361440763
1712732050500072 -5.55392789840698 -50.9468116760254 -0.469480186700821 0.00964008489025033 -0.00450243936068988 0.994968549832378 0.0996211907556145
1712732050600076 -5.24322509765625 -49.5278663635254 -0.439356803894043 0.0108448343276024 -0.00671119358598386 0.99496596531611 0.0993985780161838
1712732050700078 -4.92983150482178 -48.1127853393555 -0.465884566307068 0.00887598710906917 -0.00842744624263616 0.99501702846907 0.0989510386971677
1712732050800068 -4.61973762512207 -46.6853866577148 -0.535075426101685 0.0104091745547288 -0.00689385195543944 0.995075979749456 0.0983255735603231
1712732050900055 -4.31299829483032 -45.2525482177734 -0.574863433837891 0.0115477012530447 -0.00160193808620301 0.995180271293689 0.0973668938497965
1712732051000046 -3.99793100357056 -43.8119010925293 -0.523180365562439 0.010960808323295 0.0018022452516951 0.99531361945951 0.096059416567886
1712732051100042 -3.68919253349304 -42.379955291748 -0.392395704984665 0.0110194675350354 0.000521959336687087 0.995413141983314 0.0950314456409118
1712732051200050 -3.3918035030365 -40.9635543823242 -0.313371658325195 0.0116274229808058 -0.0051968331519098 0.995475834325967 0.0941576297122892
1712732051300056 -3.09501338005066 -39.5348892211914 -0.392024368047714 0.0120322764110048 -0.00933754992926442 0.995512065467836 0.0934010813302001
1712732051400056 -2.80326223373413 -38.1028289794922 -0.520191967487335 0.0118504996897263 -0.00668376625671324 0.995631784985556 0.0923701339839047
1712732051500056 -2.50664305686951 -36.6640625 -0.489857345819473 0.0127432901149564 -0.00360649670272307 0.995704875631476 0.0916318851835185
1712732051600060 -2.2120532989502 -35.2177124023438 -0.43375825881958 0.0122281535363154 -0.00284279334274589 0.995795674280533 0.0907378965553075
1712732051700066 -1.91986060142517 -33.7855110168457 -0.368552446365356 0.0126101095431315 -0.0046853577216948 0.995836317330176 0.0901613090333315
1712732051800073 -1.62998068332672 -32.3642883300781 -0.350865095853806 0.0131613508851105 -0.0068776952521969 0.99585880576642 0.0896923359511602
1712732051900070 -1.34296631813049 -30.9289321899414 -0.405026644468307 0.0122953214455761 -0.00744310292680854 0.9958945903016 0.0893722009205333
1712732052000072 -1.05734086036682 -29.4995193481445 -0.420079112052917 0.0124310060502617 -0.00628618531198139 0.995897237190709 0.0894127894583023
1712732052100076 -0.775126516819 -28.0723247528076 -0.374461323022842 0.0123710043483786 -0.00549976316553963 0.995916695347973 0.0892560742118331
1712732052200070 -0.495424717664719 -26.644660949707 -0.33972156047821 0.0112239865876279 -0.00675412548025246 0.99594415306183 0.0890148745774075
1712732052300061 -0.212940573692322 -25.2179145812988 -0.324520081281662 0.0107740893730466 -0.00777138894724453 0.995933253706886 0.0891093635530335
1712732052400050 0.0662622153759003 -23.7950439453125 -0.345054596662521 0.0100672590862489 -0.00674378999430877 0.995944247121535 0.0891528362786148
1712732052500037 0.362800717353821 -22.3051223754883 -0.329811006784439 0.0100333994382103 -0.00583300871213997 0.995951952617347 0.0891348135285646
1712732052600027 0.649356961250305 -20.8813896179199 -0.293716162443161 0.00995803678656038 -0.00569526458919073 0.995957987055107 0.0890847320574975
1712732052700020 0.926096200942993 -19.4675579071045 -0.269882291555405 0.0103082820581516 -0.00637451075973047 0.995961233597886 0.0889624982999047
1712732052800018 1.20848989486694 -18.0514945983887 -0.250936359167099 0.0100775688459297 -0.00691459869089836 0.995966450142184 0.0888901632481137
1712732052900024 1.47147107124329 -16.7171173095703 -0.239770710468292 0.010289105465466 -0.00775130202718105 0.995960098655119 0.0888680680137113
1712732053000031 1.74913144111633 -15.3151473999023 -0.265851497650146 0.0100044535371269 -0.0064928779125944 0.995976586714331 0.0888166209822562
1712732053100037 2.03301310539246 -13.9121971130371 -0.247044131159782 0.00965219097914019 -0.00471825304229777 0.996000947071592 0.0886943444083207
1712732053200044 2.30502367019653 -12.5121879577637 -0.19158723950386 0.00999959364440876 -0.00468726111256864 0.996015615670925 0.0884925479906546
1712732053300059 2.58500266075134 -11.1257944107056 -0.141645967960358 0.010271821057041 -0.00642298785960547 0.996008713795614 0.0884300682026987
1712732053400068 2.86149764060974 -9.74430656433105 -0.132205009460449 0.0104081826300848 -0.0079102483582867 0.995996725621292 0.0884286167307524
1712732053500062 3.13253426551819 -8.3813419342041 -0.159940078854561 0.0113902661999918 -0.00812691547084838 0.99604084141495 0.0877887083526209
1712732053600044 3.40069603919983 -7.00404644012451 -0.161607533693314 0.0117432298228418 -0.00664156219758527 0.996138455984044 0.0867534593813316
1712732053700033 3.66025304794312 -5.6400032043457 -0.137133002281189 0.0127503061544845 -0.00456447347884508 0.99621355866883 0.0858786399473883
1712732053800031 3.92065477371216 -4.27439594268799 -0.0919739380478859 0.0126447483966804 -0.0036365113155265 0.996303262999112 0.0848922508875802
1712732053900034 4.17461729049683 -2.92561268806458 -0.068029910326004 0.0115411467760335 -0.00465455770598889 0.996398125126914 0.0838803509007146
1712732054000044 4.42773628234863 -1.57922649383545 -0.0344277508556843 0.0114205179643427 -0.00601282939728694 0.996450008818268 0.0831913311477723
1712732054100063 4.67365217208862 -0.244398981332779 -0.022262180224061 0.0105472231237657 -0.00725766758144267 0.996524987357536 0.0823045072746114
1712732054200074 4.91891574859619 1.08832812309265 -0.0194656327366829 0.00979339301462001 -0.00901073053153566 0.996575363833914 0.081611521171035
1712732054300086 5.16377544403076 2.42002177238464 -0.00794074404984713 0.00971679658456664 -0.0096952862077358 0.996627938153728 0.0808970838839912
1712732054400094 5.39428806304932 3.75361824035645 -0.00622856803238392 0.00930408451598443 -0.00956408059011896 0.99669139157266 0.0801762579492247
1712732054500102 5.63737535476685 5.08783531188965 0.00375405442900956 0.00905611358872722 -0.00882911263270234 0.996744487051036 0.079627012440219
1712732054600116 5.88202571868896 6.41390037536621 0.0554110296070576 0.00915358232766473 -0.00879323204536601 0.996764880944949 0.0793641173047966
1712732054700123 6.11186075210571 7.73161745071411 0.093182310461998 0.00913666836533704 -0.00979654822389202 0.996776476782814 0.0791024921637744
1712732054800122 6.34722995758057 9.05350875854492 0.0765193477272987 0.00912042873056246 -0.00978496892966758 0.996787375986938 0.0789683432515205
1712732054900121 6.58234024047852 10.3615207672119 0.072643056511879 0.00907785298877155 -0.00813455708390228 0.996830012411159 0.0786215487161901
1712732055000121 6.81030941009521 11.6695690155029 0.0949980169534683 0.0108589343314601 -0.00665577652881411 0.996829019126844 0.0785473793999349
1712732055100108 7.04291963577271 12.9752225875854 0.115344576537609 0.0097786843502301 -0.00631511466478884 0.996852218894544 0.0784228942603715
1712732055200095 7.27642059326172 14.2636365890503 0.20141676068306 0.0105000722451037 -0.00777043730850888 0.996829964066069 0.0784817910532279
1712732055300078 7.49989748001099 15.5371465682983 0.24320162832737 0.00979601072256334 -0.00938262791768877 0.996859381904937 0.0780216455567894
1712732055400066 7.72759008407593 16.8058776855469 0.221563071012497 0.00993880648585373 -0.0103514296213857 0.996856434145473 0.077918661007499
1712732055500065 7.95129823684692 18.0679111480713 0.237305492162704 0.0102771800151243 -0.0102252586815156 0.996844528409899 0.0780436405806382
1712732055600054 8.17332744598389 19.3429889678955 0.263891667127609 0.00993979890038698 -0.00995261881300058 0.996839648186878 0.078184791227222
1712732055700042 8.41144752502441 20.6712322235107 0.272765398025513 0.00973893883377797 -0.00900714292259171 0.996839333035838 0.0783285934983506
1712732055800021 8.63280582427979 21.9197616577148 0.304130613803864 0.0101251626931166 -0.00806090597858991 0.996854298631727 0.0781921362714361
1712732055900007 8.85268974304199 23.1575889587402 0.349833339452744 0.0110571863467793 -0.00851324007766064 0.996847689438416 0.0781021602439055
1712732055999995 9.05912017822266 24.3241481781006 0.368255823850632 0.011672298512394 -0.0091296855210334 0.99684490646326 0.0779784505358911
1712732056099990 9.27967834472656 25.5486164093018 0.385400235652924 0.0124363076993309 -0.00900774722863906 0.996841213618144 0.0779217143868042
1712732056199999 9.49600124359131 26.7749481201172 0.411847680807114 0.0124361581058358 -0.00899280153851 0.996850386832399 0.0778060265284853
1712732056300012 9.70815277099609 27.9853324890137 0.449080854654312 0.0118170164372827 -0.00979289055563411 0.996865055067741 0.0776177776149019
1712732056400030 9.922438621521 29.1930885314941 0.47189125418663 0.0116053272789641 -0.010748664459909 0.996850659343353 0.0777080791024938
1712732056500046 10.1348524093628 30.3940925598145 0.468843162059784 0.010870761495252 -0.0108377029384867 0.996879038514374 0.0774374154410368
1712732056600059 10.3401718139648 31.5870418548584 0.492500483989716 0.0119497406186148 -0.0105318258089299 0.996902750931843 0.0770142164071202
1712732056700068 10.5552911758423 32.7651634216309 0.520596265792847 0.0132092234344333 -0.00937840145627615 0.996925680904203 0.0766599553618146
1712732056800080 10.7622756958008 33.9467620849609 0.578154623508453 0.0140924475360088 -0.00937782145604451 0.996956386037424 0.0761014042339655
1712732056900088 10.9623823165894 35.1089096069336 0.613800585269928 0.0134245509789953 -0.0111344870252089 0.99697037630955 0.0758015395021217
1712732057000092 11.1616315841675 36.2796173095703 0.58470892906189 0.0130680440449085 -0.0115157967333386 0.997004231686045 0.0753602989017112
1712732057100090 11.3505630493164 37.4332389831543 0.595482647418976 0.0129364945547119 -0.00958004315940436 0.997070475594065 0.0747752404230451
1712732057200083 11.5456628799438 38.5845909118652 0.656895637512207 0.0118583985512297 -0.0090558630213037 0.997122947164768 0.0743182209568138
1712732057300077 11.7319049835205 39.7167510986328 0.715826272964478 0.0109568427407444 -0.0110111196506829 0.997141260888367 0.073945984848065
1712732057400063 11.9220638275146 40.8566665649414 0.74306058883667 0.010720382667458 -0.0132988812059495 0.997156931307422 0.0733911949739108
1712732057500054 12.1084117889404 41.9554862976074 0.698290646076202 0.010396105351692 -0.0136220042048304 0.997190303755424 0.0729236593371863
1712732057600044 12.2904014587402 43.0704803466797 0.727819979190826 0.0114112403397984 -0.0125782598112652 0.997238691771249 0.0722949694542869
1712732057700035 12.4702939987183 44.1665878295898 0.828056514263153 0.0111546979658669 -0.0137546549297043 0.997272371749621 0.0716533232023483
1712732057800030 12.6409883499146 45.2378997802734 0.950876116752625 0.00975667768146284 -0.0204864683039614 0.99722035143739 0.0709695888119701
1712732057900030 12.8121786117554 46.2739067077637 0.983482182025909 0.009380704449233 -0.0280751462228629 0.997070010544399 0.0705349744565918
1712732058000034 12.9785785675049 47.2999572753906 0.9300616979599 0.00890753387660698 -0.0314529172533757 0.9970160028826 0.0699318227453869
1712732058100046 13.1330852508545 48.3246459960938 0.899780988693237 0.0094633960407831 -0.0302460250408238 0.997086254293543 0.0693874888108629
1712732058200063 13.2955179214478 49.347412109375 0.920230150222778 0.00949879577518074 -0.0267460236938825 0.997215351898027 0.0689635050898835
1712732058300081 13.4490547180176 50.3541870117188 0.948990166187286 0.00944594412939478 -0.0203637569240282 0.997378991557509 0.0687840006336451
1712732058400090 13.6109380722046 51.3649749755859 0.97445023059845 0.00981468605574757 -0.0123436923878267 0.997529300167126 0.068458750382594
1712732058500094 13.7594957351685 52.3543701171875 1.0405684709549 0.010292805856145 -0.00480213042159163 0.997613582023448 0.0681038813384838
1712732058600100 13.9079074859619 53.3488349914551 1.16099870204926 0.00926923781420879 -0.000777259509357679 0.997645164192444 0.0679529503511894
1712732058700101 14.0550765991211 54.3119735717773 1.25577390193939 0.00765526600762403 -0.00057915819428364 0.997677531399514 0.0676801656226518
1712732058800091 14.2069387435913 55.2717514038086 1.30705654621124 0.00712646014294123 -0.00281670052057734 0.997673380676712 0.0677429350789305
1712732058900079 14.3544855117798 56.2167053222656 1.29522490501404 0.00695014451271871 -0.00564419388092851 0.997678442832174 0.0675097272595312
1712732059000063 14.4992694854736 57.1436195373535 1.24787580966949 0.00782044903492207 -0.00656947719255411 0.997673933090408 0.0673973721907952
1712732059100042 14.6478700637817 58.122917175293 1.21674346923828 0.00872699618723316 -0.00487138111913986 0.997717193581734 0.0667870557438266
1712732059200018 14.7908611297607 59.0395050048828 1.2089809179306 0.0094526211894903 -0.00248689560335844 0.997768405719757 0.0660505249817218
1712732059300006 14.9234647750854 59.9533042907715 1.25390076637268 0.0102610234735244 -4.90391869511446e-05 0.99782025758565 0.065187748420548
1712732059400006 15.060112953186 60.8435096740723 1.29420268535614 0.0103062113525736 0.000361190665020918 0.997854155993652 0.0646586027923208
1712732059500019 15.1735734939575 61.6851425170898 1.31699025630951 0.00988512717206821 -0.000243565559958472 0.997874537329688 0.0644098803419957
1712732059600043 15.304615020752 62.5531806945801 1.31292140483856 0.00956246744043893 -0.00105336077563436 0.997880193346329 0.0643627949565558
1712732059700071 15.4290399551392 63.3998718261719 1.30555951595306 0.00938700589886404 -0.000879967576561727 0.997871084044156 0.06453223540108
1712732059800086 15.5569524765015 64.2345428466797 1.29090797901154 0.00942310773379381 -0.000161483027943052 0.997865282584909 0.0646224169743715
1712732059900097 15.6823444366455 65.0591583251953 1.30318927764893 0.00980854020079128 0.000604169277388033 0.99786145941131 0.0646214773905999
1712732060000105 15.8037977218628 65.8681106567383 1.31366837024689 0.00958489090693084 0.000848908701618991 0.997855974373906 0.0647368799574117
1712732060100106 15.9204893112183 66.6677856445312 1.31258893013 0.00970789523262274 0.00139527536695159 0.997846567829275 0.0648539670963769
1712732060200103 16.0364398956299 67.4430236816406 1.30989277362823 0.00971541542032316 0.00210403683905259 0.997842033371759 0.0649034680791691
