1712732000960001 -0.004981457117952039 -0.14129744865981836 -0.0037270614632270035 -3.858252162336727e-05 0.000234835134590887 -0.0008058844433807669 0.999999283919422 
1712732001060001 -0.02275355236870895 -0.5193737592974437 -0.011319853221472519 0.00023432366320849896 0.0005681878075218849 -0.0037608166602670886 0.99999118775182 
1712732001160001 -0.045082186038543734 -0.9238797623215296 -0.014768217101454015 0.0005949304302997747 0.00035550745492456934 -0.006755966442675974 0.9999760790950047 
1712732001260001 -0.06676730190935443 -1.3455538804509883 -0.018544859918810854 0.000944281109818442 0.0002628112137222382 -0.010506167939649994 0.9999418624242633 
1712732001360001 -0.09152197246070937 -1.7788914748211329 -0.022421663401202507 0.0011649541529283412 0.0001750000758327841 -0.014791149556546375 0.9998878456739527 
1712732001460001 -0.13039845982870873 -2.2314496982160925 -0.024206831986836732 0.0013118109596387197 0.0005273247455723554 -0.01928153978216561 0.9998103316564517 
1712732001560001 -0.1730150111110576 -2.701496657596448 -0.026325020003272546 0.0014705140391206009 0.0009929421926849554 -0.024656488382260835 0.9996903359857007 
1712732001660001 -0.22166789755905078 -3.190062593927636 -0.02257902323599178 0.0014263504209555801 0.0015884251684460608 -0.030355615574735498 0.9995329903163666 
1712732001760001 -0.2784117204164577 -3.699614368080409 -0.03288318589773048 0.0013095046198921918 0.0016936767246807849 -0.03624992002907199 0.999336000234077 
1712732001860001 -0.34421036733942095 -4.219591736442979 -0.04171107374361944 0.001468561256177208 0.0014863371776057243 -0.04249890908331055 0.9990894331529496 
1712732001960001 -0.4216388442915953 -4.755016783298693 -0.04900242373469953 0.0016819267178554283 0.001193526723465977 -0.04880322176593987 0.9988015318073089 
1712732002060001 -0.5013617286614394 -5.304179785708607 -0.05467105445963721 0.0017910589584537347 0.0010237042880339147 -0.05491171240418449 0.9984847340374786 
1712732002160001 -0.5966139316298836 -5.89316806612691 -0.06425150346593245 0.002048295335924858 0.0007702744617843419 -0.060575515313343216 0.9981576165375249 
1712732002260001 -0.7025450194162268 -6.4940313115961965 -0.07221979569157345 0.002396384798127547 0.0005303182998720328 -0.06619743992577806 0.9977995241155666 
1712732002360001 -0.8021479438506389 -7.0754094793122295 -0.08340933411969947 0.0027537373371446876 0.0003815671945346214 -0.07104913492840607 0.9974667365544416 
1712732002460001 -0.9116819613973544 -7.680721525951112 -0.09246291647415003 0.00310808545009691 -0.00012211189592595525 -0.07462002422439551 0.9972059387969621 
1712732002560001 -1.0305214098454325 -8.319263205949085 -0.09137196206309356 0.0032052273616842613 -0.0006800444767788153 -0.07717211796118453 0.997011803871886 
1712732002660001 -1.152076460569783 -8.97828377902778 -0.0845060326636993 0.002702501580838546 -0.0008416392102453354 -0.07886763350044851 0.9968807741284444 
1712732002760001 -1.2722902091756234 -9.643089184705346 -0.08785934185862285 0.001823629614431379 -0.0002910760072249463 -0.08017133540740218 0.9967789946769441 
1712732002860001 -1.4042657991498286 -10.329329144772519 -0.09587951844535622 0.0009680117733496169 0.00029463682036210163 -0.08125301852481011 0.9966927855685894 
1712732002960001 -1.5357627018914335 -11.029862587088113 -0.11963588269579391 0.0006322261186575468 -0.00014839810084038948 -0.08236507600899352 0.9966017190121221 
1712732003060001 -1.6635057182004642 -11.743201175799616 -0.13845852552159552 0.000567255174316862 -3.138066668066658e-05 -0.0835061798546992 0.9965068641443866 
1712732003160001 -1.8030279553379176 -12.4791098561445 -0.15750963222429973 0.0010431634511317857 2.3380001067371665e-05 -0.0847095705705644 0.9964048276042654 
1712732003260001 -1.9481733405597306 -13.229619094899483 -0.16326712847809974 0.0016650623824999442 -0.00054735251162936 -0.0857589639702765 0.9963141982840646 
1712732003360001 -2.1003998621097 -13.997024958570709 -0.16661488768803695 0.0021609351588708567 -0.0008548625159988262 -0.086562705956583 0.9962435947276689 
1712732003460001 -2.261650308519936 -14.778853209532715 -0.19838658767286 0.0028985096809244337 -0.0015768946836444502 -0.08757977155456742 0.9961516161642112 
1712732003560001 -2.4204043743408823 -15.573009564016179 -0.18761676280209433 0.0028036721037622697 -0.0021989309585712484 -0.08876653215143959 0.9960458415689704 
1712732003660001 -2.579145720410013 -16.385830579529884 -0.16289664255390957 0.0024034336016218686 -0.0011123013746923646 -0.08985328325905716 0.995950879687715 
1712732003760001 -2.743613869736893 -17.20522515226147 -0.15717275275182374 0.0012787519695301123 0.0006832244790673467 -0.090950473062719 0.9958534929032287 
1712732003860001 -2.9161039086579352 -18.03385562167464 -0.18129781044059115 -0.00018940136451441085 0.00047719750001389645 -0.09189317150547735 0.9957682091814413 
1712732003960001 -3.0950486431518316 -18.880544140999767 -0.2210767958421059 -0.0005940871234453274 -6.353066308559022e-05 -0.0927955586131888 0.9956848861555414 
1712732004060001 -3.2788095982430807 -19.747581597284245 -0.23669426306358768 -0.0002763206686823276 -0.0003220964236017085 -0.09349716037903612 0.9956193737723997 
1712732004160001 -3.467869603412872 -20.63621523332548 -0.24327437335898383 0.00023223016587083062 -0.00030309834678568894 -0.09416337400498423 0.9955565598071867 
1712732004260001 -3.654944194223244 -21.53733990126969 -0.23887732273164075 0.0004330978226208718 -0.0001788507442245981 -0.09500122480962664 0.9954769486130788 
1712732004360001 -3.849232999847055 -22.457548480662425 -0.2387493809762774 0.000432272603811162 4.812674020490343e-05 -0.09561659868073372 0.9954180996466456 
1712732004460001 -4.053110555048594 -23.398428376805605 -0.25873807313153857 -9.761648381818508e-06 0.00013912331121980435 -0.09610205403952299 0.9953713719231827 
1712732004560001 -4.2608600381586665 -24.351169966003372 -0.2601857487929005 -0.0007849966005935267 0.00016826658869742501 -0.09663393994276764 0.9953195539306368 
1712732004660001 -4.471341493083213 -25.32319895373663 -0.2715954356033876 -0.0011278194702934608 0.0002820411048927324 -0.09721793428066375 0.9952623910463083 
1712732004760001 -4.683754198615617 -26.309982109395946 -0.31049831053511884 -0.0007206693137753994 0.00012602621953099812 -0.09788901267456768 0.9951969333711699 
1712732004860001 -4.899968115281415 -27.308907315688998 -0.3320658676222409 0.0004826634957593225 -9.225398713957196e-05 -0.09855256022618616 0.9951313904126411 
1712732004960001 -5.123548477518227 -28.329554758767088 -0.32545026102270935 0.0014141944892626774 0.00023874466861351822 -0.09903955749593203 0.9950823606109394 
1712732005060001 -5.35098952846404 -29.36315407663864 -0.30449965306917426 0.0012304471466615318 0.0003465392169942134 -0.09943558449688081 0.9950431001100319 
1712732005160001 -5.587952425948341 -30.40954571341173 -0.30280842817088466 0.0008870432156429697 0.0006277267310657317 -0.09980864176558263 0.9950059904621545 
1712732005260001 -5.823202268214141 -31.458539843512742 -0.32460407899632143 0.0007866731231621989 0.0007670622817959813 -0.10030092756807636 0.9949564930194992 
1712732005360001 -6.058652301484734 -32.5196919192485 -0.33867711552499047 0.0006120979375913004 0.0011564982861368752 -0.10071646139503915 0.994914217263972 
1712732005460001 -6.299112766240503 -33.59704429011886 -0.3409480954257902 0.00021925353390492056 0.0014702166022640658 -0.10124491296562675 0.9948603352338228 
1712732005560001 -6.547345702678186 -34.687634395634745 -0.35473572196341463 -0.00014043698495766452 0.0018890957253511703 -0.1016066585580995 0.9948227774784034 
1712732005660001 -6.800864337771964 -35.794077556228785 -0.3655120262806013 -0.0006816152846664822 0.0014547886215948947 -0.10201826454464591 0.9947809517338947 
1712732005760001 -7.05657335614636 -36.90165530368497 -0.366646583438748 -0.0013256892673277672 0.0003115234034639558 -0.10238342405905526 0.9947438810243718 
1712732005860001 -7.32089258269164 -38.05456538436484 -0.3901866736056988 -0.0016453208169407338 -0.0007912928719045944 -0.10277951703334712 0.994702306811601 
1712732005960001 -7.586934757407217 -39.21666428904052 -0.4091192116804709 -0.00131602754528719 -0.001474571834190348 -0.10310885063686266 0.9946680401031716 
1712732006060000 -7.84844999094271 -40.3661189858188 -0.4043221545733984 -9.510915979956829e-05 -0.0016355910408485464 -0.10324286170140695 0.9946545155953985 
1712732006160000 -8.10958126264963 -41.51694205945189 -0.39147478066311414 0.0009116852160522874 0.0011602187293081557 -0.10335315960562057 0.9946409634864166 
1712732006260000 -8.369349178613849 -42.67632352111269 -0.366102242667886 7.652538569551841e-05 0.002655598525084653 -0.10390242483726717 0.9945834278745334 
1712732006360000 -8.631282818442957 -43.838418823281586 -0.3579393579638033 -0.0024306294276883736 0.004287417509590946 -0.10398283542307182 0.9945646046162031 
1712732006460000 -8.900529422073365 -45.00912970428469 -0.4065888695597648 -0.0036667730120144497 0.005062186284374026 -0.10355799833092723 0.9946036759371433 
1712732006560000 -9.16447714282842 -46.15006464971451 -0.4801223365035412 -0.001651648266125317 0.002443042963174216 -0.10275831298682415 0.9946986734969796 
1712732006660000 -9.44132113185422 -47.34983724333169 -0.49729352905826907 0.002330969843437017 -0.0005520318798231877 -0.10185854571498892 0.9947929149870149 
1712732006760000 -9.718179955226955 -48.574286259456954 -0.4365961402650181 0.004986218595516616 -0.0019340728526950558 -0.10061488615595537 0.9949104516117595 
1712732006860000 -9.97666381398534 -49.7389563408357 -0.36036238966462175 0.004366147247694718 -0.0015812439961429127 -0.09901585432540388 0.9950740585010849 
1712732006960000 -10.234472058436083 -50.90556370314464 -0.3459432582010839 0.001607625838474669 -0.0010715193171385706 -0.0974114037823625 0.9952407542524073 
1712732007060000 -10.492774717236205 -52.09759397551232 -0.39301610630531814 -0.001250174477289888 -0.0006264922908403654 -0.0962251896812136 0.9953576350381368 
1712732007160000 -10.746147761159985 -53.29205697977463 -0.44074980196703556 -0.002054001656155259 -0.000972412196209456 -0.09538120809456431 0.9954380078139754 
1712732007260000 -10.998080051375293 -54.49954284172788 -0.45417210131604774 -0.0012675574724960222 -0.0016365189063540678 -0.09442379469650522 0.9955296465493979 
1712732007360000 -11.248925613191542 -55.71009586569593 -0.433711633863466 -0.0009875868031925814 -0.0016983775263715402 -0.093396140205126 0.9956269567185121 
1712732007460000 -11.4969859152265 -56.914088416751504 -0.423532237124814 -0.0018155564469994573 -0.0007973392307203701 -0.09239979553243477 0.9957194821573431 
1712732007560000 -11.741317155883984 -58.11897980175086 -0.4317870736491609 -0.002402837562334744 -0.0007767400317076317 -0.09181336201264387 0.9957729203088634 
1712732007660000 -11.985453492108313 -59.327736547645245 -0.4595614361751201 -0.0016811165149668316 -0.0007069775803375826 -0.09176430601022512 0.9957788130811289 
1712732007760000 -12.230688149247925 -60.53656270289119 -0.47439819519622883 -0.00032164434113040154 0.00044255918371448387 -0.09242541717500716 0.9957188485439157 
1712732007860000 -12.48232864233052 -61.75316989920614 -0.43427980173918246 0.00029286714961081266 0.0023340543430340885 -0.0937928516313766 0.995588059024045 
1712732007960000 -12.737676160985842 -62.9590120831497 -0.40625406903830674 -3.817839262789264e-06 0.003709155803201896 -0.09562394683035813 0.9954100196521438 
1712732008060000 -13.000067222017401 -64.16422118931561 -0.42922310099347993 -0.0004744540537866841 0.0038514665946319526 -0.09771165812996535 0.995206601144486 
1712732008160000 -13.268809329656351 -65.36248777915509 -0.42674559592233563 -0.0013148011345546378 0.0026277290587733873 -0.09946175767520052 0.9950362204341147 
1712732008260000 -13.545449087964455 -66.55599841096388 -0.4205249601331217 -0.0018413944430804854 0.0006244738106958539 -0.10064098209171785 0.994920248176647 
1712732008360000 -13.826715111150481 -67.75131746412413 -0.4416903154905132 -0.0022084760807209933 -0.004058199515765342 -0.10135258106261288 0.9948348164863863 
1712732008460000 -14.09499812847194 -68.94417470730261 -0.41910284797327135 -0.002631587093398702 -0.00649708213814539 -0.10180065999367313 0.9947800810853882 
1712732008560000 -14.358301960481846 -70.13310935680155 -0.41753948016364745 -0.003489000746078991 -0.002631357678441403 -0.1023364825737042 0.9947352232246177 
1712732008660000 -14.622668075433703 -71.31099849016573 -0.45048805193692276 -0.004294403255014785 0.0003656626954171538 -0.10317653042405592 0.9946534957947428 
1712732008760000 -14.891308700739687 -72.52478258846678 -0.47049878145948887 -0.0027074976951441355 -7.348211338435479e-07 -0.1037810361491037 0.9945952194119811 
1712732008860000 -15.16629802805896 -73.72255566237799 -0.44372169581010235 6.508948161000692e-05 -0.00039861959322540035 -0.10390591092957313 0.9945862242644334 
1712732008960000 -15.43484022034972 -74.8559302453464 -0.37225435086204073 0.0005392031367812037 -0.00046483922255213236 -0.10361951846806713 0.9946166157768981 
1712732009060000 -15.702292046825615 -75.998291372322 -0.34487386358884986 -0.0007474024982185373 -0.000685546781661917 -0.10362237510414452 0.9946159004859797 
1712732009160000 -15.968697376650287 -77.16046970784687 -0.38035485438715494 -0.0005018251908117293 -0.0008328300632282806 -0.10422833909597229 0.994552597110224 
1712732009260000 -16.23141872562625 -78.32553586671824 -0.3852806837333436 0.0006144807071781186 0.0009054044999681889 -0.10512579645244641 0.9944570638351566 
1712732009360000 -16.500748959272595 -79.48923009698376 -0.34462584630173304 -0.0005041586919906007 0.0031021037043428594 -0.10607356548194093 0.994352121487223 
1712732009460000 -16.775481865605755 -80.64149045647171 -0.33432367255883466 -0.0035185042969428787 0.003471608904803652 -0.10699130965072354 0.9942461629655901 
1712732009560000 -17.05382100531508 -81.7866105864629 -0.363401329847856 -0.005622286695563498 0.0023995263559827727 -0.10791197020359888 0.9941411108490972 
1712732009660000 -17.334079740715143 -82.92984595612751 -0.3668714982066465 -0.005747867564089694 0.001288156694397399 -0.10879522344204114 0.9940464985911565 
1712732009760000 -17.61244553990421 -84.07024194301457 -0.34663452496946784 -0.005321143040932311 0.0001316785723576481 -0.1098218854065364 0.9939366447742977 
1712732009860000 -17.89519853849001 -85.21150491398123 -0.36191379897848003 -0.006630535323357886 0.0005749581346157622 -0.11111908933107045 0.9937835629342995 
1712732009960000 -18.179842165014065 -86.34208131548172 -0.36276522562655655 -0.009045612285687454 0.00011332997589913674 -0.11250466549153199 0.993608643232663 
1712732010060000 -18.461153813179756 -87.46084534738094 -0.34656863496392665 -0.008651652608641654 -0.0008014480133302613 -0.11370272379408514 0.9934760365738788 
1712732010160000 -18.74679030958531 -88.57698592179813 -0.33754590046697397 -0.005597080119314391 -0.0013277352225625422 -0.1149390559935648 0.9933540747728477 
1712732010260000 -19.03277460079724 -89.68946828466734 -0.2990516546319598 -0.003913612312945434 -0.0008078189891515463 -0.11618083961932657 0.9932196324987659 
1712732010360000 -19.318941980874868 -90.79904286689046 -0.2383542626570695 -0.003934716195056606 5.038985451317812e-06 -0.11752218325905425 0.9930621652960903 
1712732010460000 -19.613385664274077 -91.93354437684306 -0.21966321418876028 -0.004367687803379228 0.0005510493682690695 -0.11883157105326138 0.9929044113067609 
1712732010560000 -19.906040800075083 -93.04178648543973 -0.21510511367313304 -0.005215180043056374 0.0007178212428811181 -0.11983717565174971 0.9927793686016095 
1712732010660000 -20.194239887024686 -94.12373408641687 -0.21074206714905358 -0.00586156432612964 0.0005223271165516071 -0.12064649452306662 0.9926779952003942 
1712732010760000 -20.472355037255177 -95.17162130401312 -0.21749148936815543 -0.0057813593830568525 0.00034145725308936856 -0.12120240268275279 0.9926108790431638 
1712732010860000 -20.75079568827755 -96.2286036090986 -0.19840329554369063 -0.005021138732781435 0.0012833010134495752 -0.12126504024386389 0.992606172406583 
1712732010960000 -21.036158070200713 -97.30822334103375 -0.16645414398358577 -0.004924495301217063 0.0032242792355603555 -0.12121936467288515 0.9926077118556593 
1712732011060001 -21.32294139115234 -98.38324937933713 -0.15027339092721753 -0.006115722942320568 0.0033612806221557574 -0.1214309142825674 0.9925748446832329 
1712732011160001 -21.607408587566372 -99.44417983617879 -0.12565209092520382 -0.007745100373083635 0.004317134051454672 -0.12157942967143408 0.9925410940369572 
1712732011260001 -21.901531517447232 -100.51252759746922 -0.1537816995444641 -0.008468914539795638 0.0035520156982070143 -0.12174456591489462 0.9925179769961573 
1712732011360001 -22.19641286648495 -101.58632415255238 -0.18493849887776284 -0.0075325534625820985 -0.0001167041561727294 -0.12187353285913238 0.9925145788887476 
1712732011460001 -22.489429107815546 -102.66303621630405 -0.16308603811695477 -0.005120919009644717 -0.0021570705795219544 -0.12180883235718327 0.9925369458005626 
1712732011560001 -22.779930560940752 -103.73500556440877 -0.09372850337046408 -0.004015926214077683 -0.002700648589260254 -0.12174807306367816 0.9925492029062943 
1712732011660001 -23.069122664780522 -104.80348345087117 -0.03573602870190876 -0.005873494634069986 -0.002235248989079791 -0.12175959449350862 0.9925384657971918 
1712732011760001 -23.3565780044155 -105.8755647514825 -0.05252121158726092 -0.007875667349270985 -0.0015156508008702112 -0.12189724203911519 0.9925100815472587 
1712732011860001 -23.644142020763912 -106.95048097046293 -0.1142899304487284 -0.006957373167436675 -0.0020464008955178438 -0.12227975094177863 0.9924682705243812 
1712732011960001 -23.933141198430583 -108.03145753416197 -0.15052309350610174 -0.003545530658373026 -0.0027100833294200445 -0.12253921733283729 0.9924516101134673 
1712732012060000 -24.2228493234941 -109.11671901886493 -0.10459634356246528 -0.0009809181801780685 -0.0014831639990182863 -0.12288944997948974 0.9924178321094359 
1712732012160000 -24.516834128060793 -110.19715713446641 0.004416289358266042 -0.0020409091117006895 0.0003110705137531137 -0.12347577251414077 0.9923441675181366 
1712732012260000 -24.8107847466905 -111.26287913184383 0.056023541785926126 -0.005485820047041937 0.0018222496839135822 -0.12405231992913412 0.9922567065638046 
1712732012360000 -25.103935285991824 -112.31580440498632 0.0058963939226315265 -0.007927804889472074 0.0014333129937056945 -0.12482497278244178 0.99214535525269 
1712732012460000 -25.401090934136157 -113.37327442468671 -0.048981736479613014 -0.007164394782127924 -0.0011426465656252213 -0.12573421687333053 0.9920354885945675 
1712732012560000 -25.699677881786897 -114.4344574042371 -0.04088037314470949 -0.004595909605933339 -0.003408514382534312 -0.12620002851005055 0.9919870502242476 
1712732012660000 -25.99780140023819 -115.4965938300129 0.012884761297270222 -0.0035256776605803366 -0.0033042751528839873 -0.12648985753718475 0.9919559157993321 
1712732012760000 -26.292210920309365 -116.54567327987306 0.06604631806187419 -0.004773201139085772 -0.002769197123228934 -0.1270733711956279 0.9918774008557897 
1712732012860000 -26.587024481790824 -117.58301008369295 0.06831299055903083 -0.006765286683904958 -0.002434878080567764 -0.12782974952896256 0.9917694881912129 
1712732012960000 -26.87722426026555 -118.61167081357365 0.044450794548586636 -0.0067519507244665836 -0.002130906270493468 -0.12870020438798005 0.9916579457091557 
1712732013060001 -27.168220817955095 -119.64502880752158 0.024208391882383294 -0.004519686836300023 -0.002131753711531973 -0.12963396607346492 0.9915482448940152 
1712732013160001 -27.4656430190385 -120.6750455565531 0.04430017536838765 -0.0020205982756785774 -0.0017177579426034236 -0.13052677855848427 0.9914404479278827 
1712732013260001 -27.76204671759885 -121.7010793231262 0.08956501319222542 -0.0011325859274448418 -0.0004072282309119931 -0.13155699232232218 0.9913073761792945 
1712732013360001 -28.056997959900674 -122.71132874571546 0.1235650323511443 -0.0022532362891861156 0.0007214199238483527 -0.13280528126794633 0.9911386273885823 
1712732013460001 -28.35512112675616 -123.71630512247239 0.13594652803396695 -0.0036784906810761004 0.0014048214757710208 -0.13417383226604646 0.9909495379030719 
1712732013560001 -28.65067485683666 -124.70308272024162 0.11122979848929015 -0.004193646247378815 0.0014275250439371723 -0.13565382760025838 0.9907460836174939 
1712732013660001 -28.956502433623644 -125.71053916203527 0.1079376225029923 -0.003821533509266458 0.0007700569702075272 -0.13711175026866304 0.9905475279381324 
1712732013760001 -29.258930736455923 -126.70057006943361 0.11708472523445179 -0.0031894241919197524 0.0005850152550732361 -0.13859234931755138 0.9903438659743107 
1712732013860001 -29.55517138280169 -127.6610966955509 0.12958736649386532 -0.0028739044483295463 0.0021651115319822715 -0.1400106346199287 0.9901424992558614 
1712732013960001 -29.842989209677995 -128.58374927414494 0.14117651597439468 -0.0025936953343925987 0.0033022800284393415 -0.14162915470543308 0.9899104530706997 
1712732014060000 -30.138841074573843 -129.49688162815715 0.1548484662118646 -0.0025753129990165693 0.0024731594891033385 -0.1433198902655623 0.9896693545509634 
1712732014160001 -30.43819060820924 -130.42411068728583 0.17397680187596148 -0.0028380813748255206 0.0022206255661806314 -0.1451115094886266 0.9894082373494708 
1712732014260001 -30.73437136207861 -131.34297718398258 0.19839157351813919 -0.002890609370956854 0.0034219423159785765 -0.1471819329409148 0.9890983944868803 
1712732014360001 -31.03495740401359 -132.24501803649343 0.20457993878004005 -0.0030114821248721983 0.0034958197422718827 -0.14951007625086354 0.9887485869223804 
1712732014460001 -31.337913593803215 -133.13705237589673 0.20120828461631562 -0.003327993604115212 0.0026152179295071453 -0.1517841743341657 0.9884039117814777 
1712732014560001 -31.636042451051672 -134.01197916080736 0.2074435493594059 -0.0030699205519574115 0.001958345816252544 -0.1537909555050691 0.9880961612621357 
1712732014660001 -31.931305550329903 -134.86855958591684 0.22452131180941243 -0.0030860878153570843 0.0018143547922320935 -0.1555659666759588 0.987818633213136 
1712732014760001 -32.235388708561075 -135.73777925940541 0.24866122117277534 -0.00355977329039285 0.0025371791525262612 -0.15712477918760728 0.9875686324510806 
1712732014860001 -32.53692151721404 -136.58475312507986 0.2701941437636594 -0.004000195705800726 0.0023480646723523235 -0.15841566678327446 0.9873612855066158 
1712732014960001 -32.82132210386314 -137.38169340109587 0.26121241793536276 -0.0037532426035208023 0.0007114129134985584 -0.15912218679122497 0.987250935491308 
1712732015060000 -33.10525451959166 -138.18769802251416 0.2629799390372548 -0.002672469200570654 -0.0005094270787137507 -0.15898699950830242 0.9872766215058053 
1712732015160000 -33.388166723246016 -138.99973185672704 0.2678153498192599 -0.002270535011629195 -0.001370989193091234 -0.1583685379683859 0.987376326145466 
1712732015260000 -33.66636426716128 -139.80088949038 0.2783073498997356 -0.0037636437836926924 -0.0017785001793610374 -0.15727873993829788 0.9875445892230457 
1712732015360000 -33.93990379222087 -140.59281555758784 0.3155023255954983 -0.00598866604867894 -0.0015211979942898058 -0.15533761503933657 0.9878408534128145 
1712732015460000 -34.200443050612456 -141.37662686250678 0.31731714316458987 -0.007458445298279862 -0.0023015852725151846 -0.15258066343466298 0.9882586186482094 
1712732015560000 -34.44909686649134 -142.15608654307746 0.2938593464012572 -0.007129231826131748 -0.002626031318583896 -0.14949592629766312 0.9887317320996026 
1712732015660000 -34.689157812053296 -142.927822244999 0.2909630639115419 -0.006039194355042601 -0.002137425536905891 -0.14618358863922476 0.9892351180604899 
1712732015760000 -34.92473157470619 -143.70124866376239 0.31403484031885115 -0.004949663321392411 -0.0016532447240562415 -0.1427356431606907 0.9897454257745446 
1712732015860000 -35.15053968329677 -144.44332928229414 0.3465005077163719 -0.004455542709957983 -0.0006389164565106532 -0.13967004556529247 0.99018666938905 
1712732015960000 -35.37444352092927 -145.20827710050582 0.36769641198116243 -0.005004328458867409 0.00022441969326341738 -0.13705617240204773 0.9905497030014638 
1712732016060000 -35.59466261195833 -145.97029048401086 0.37132501998715023 -0.0055100751060752715 0.0008253219747468918 -0.13446038556758916 0.9909023697355324 
1712732016160000 -35.81137139623303 -146.71740605529698 0.37884021070853646 -0.005912499566493961 0.0004757544767912792 -0.1318285590600774 0.9912537863304356 
1712732016260000 -36.021104619486614 -147.4603486015956 0.38039258622521094 -0.005828401302656373 -0.00046156789273673677 -0.12924084023284566 0.9915950542354477 
1712732016360000 -36.22309044105327 -148.19805682819398 0.3836491222988088 -0.005438390057307986 -0.0007583377914527917 -0.12665275270992676 0.9919310734863327 
1712732016460000 -36.41557673045564 -148.9333771333529 0.40020528002629446 -0.005318060601356757 -0.0006419876546549118 -0.12413680434692834 0.9922499058411209 
1712732016560000 -36.60170802743941 -149.6607025015276 0.4209705871726832 -0.005228220641267362 0.00036240504525396133 -0.12169546388112007 0.9925526150737114 
1712732016660000 -36.78920412152753 -150.38255252677783 0.42289163899699656 -0.004847460853785958 0.0017244514281209416 -0.11955980591646087 0.992812996296605 
1712732016760000 -36.97139358406092 -151.0995239690757 0.42182230713689933 -0.004604724472081213 0.002472841996085803 -0.11806895705711741 0.992991445523224 
1712732016860000 -37.15092156366501 -151.8161897121469 0.4362669403591537 -0.004333718664763293 0.0025977763848240415 -0.1166884523498054 0.9931554134976093 
1712732016960000 -37.32776931642455 -152.53215597003975 0.4376542061643004 -0.0035747409078335894 0.0029263446166511767 -0.11536701291971979 0.9933118535949623 
1712732017060000 -37.50319840713108 -153.2461815497931 0.4227251038195924 -0.0026466986692187814 0.003261973740987009 -0.11448230289959326 0.9934162521963205 
1712732017160000 -37.6795054768572 -153.94366728548033 0.4277961939087104 -0.002440080711355927 0.0027157340789038253 -0.11334831321604784 0.9935482171152809 
1712732017260000 -37.852959344194396 -154.6243152526252 0.48968037554440746 -0.0034875133914748363 0.001815368740338133 -0.11154878674537994 0.9937502875399671 
1712732017360000 -38.016693884683505 -155.2926522929838 0.5327338083981701 -0.005388893809480318 0.0009685822517541017 -0.10985494601205922 0.9939316573509263 
1712732017460000 -38.17296634161602 -155.95171174399184 0.5204241835982769 -0.007070783575059893 0.0010471275263342328 -0.10808439171367001 0.994115252858088 
1712732017560000 -38.32498703373767 -156.6005445063328 0.4842922766129455 -0.007295815932066173 7.287595636821219e-05 -0.10638510574290458 0.9942973803065938 
1712732017660000 -38.4714211117853 -157.23992081948074 0.47468588272357765 -0.005860894132949368 -0.0007023586900874252 -0.10509574607388511 0.994443933589164 
1712732017760000 -38.61067178704571 -157.86778102960412 0.5034803040883653 -0.003960722699127069 -0.0006748035853508718 -0.10408692349246615 0.9945595856257596 
1712732017860000 -38.744706394722286 -158.4755504893895 0.5280983380471427 -0.003362161205164721 0.001523337977993594 -0.10330446964302788 0.9946412199976487 
1712732017960000 -38.87491870975864 -159.07011777612527 0.561284433689228 -0.00417624201497266 0.0027795922890528624 -0.10288367522167634 0.9946805416272366 
1712732018060000 -39.00679037410522 -159.6511167543656 0.5735881028446572 -0.004984969722786624 0.0033449118874417294 -0.10253466189623743 0.9947110871808221 
1712732018160000 -39.139385573893136 -160.22134133016897 0.5605645649365764 -0.005505317802339073 0.002675407969950275 -0.10236393376964119 0.9947277051122169 
1712732018260000 -39.26635125799623 -160.78741099292466 0.5561814704938737 -0.004896904636676261 0.0019866127663891557 -0.10252239695156071 0.9947164250924195 
1712732018360000 -39.38851174896974 -161.34411068193037 0.5604200100877758 -0.003985655276439319 0.003447365081877593 -0.10288816052098979 0.994678238075624 
1712732018460000 -39.51195018945393 -161.8876437450059 0.5786383720385624 -0.004172959180803179 0.003860085528787764 -0.10289252130883227 0.9946760687689753 
1712732018560000 -39.64200986574227 -162.42014858991575 0.5833916419320339 -0.005047872975152327 0.0028531916117717866 -0.10292634305763192 0.9946718141732751 
1712732018660000 -39.76755906166198 -162.94407680514718 0.6071615850047481 -0.006144984604501191 0.0014174083564864538 -0.10315432563100227 0.9946448622149691 
1712732018760000 -39.88350136855418 -163.46183547492967 0.6327887201609641 -0.007326729896769423 0.0010624328514288214 -0.10336512017158118 0.9946157190406164 
1712732018860000 -39.999786674705106 -163.97118060859083 0.6175402583131264 -0.008068658320921721 0.0018930352087363654 -0.10386757341956895 0.9945563916176673 
1712732018960000 -40.11603599615331 -164.4717377710303 0.5900661181794857 -0.007268581459489287 0.0024957491197506836 -0.10475760528272564 0.9944676302740347 
1712732019060000 -40.23453163278518 -164.97369805697713 0.5908255425506626 -0.005756033983699938 0.0023599139574073044 -0.1055805104529314 0.9943909697645732 
1712732019160000 -40.35494577279946 -165.46250618345388 0.6188040538831824 -0.005122860777937586 0.0014140234026884285 -0.10627150014844719 0.994322688966211 
1712732019260000 -40.474285653188176 -165.93845176990527 0.6417527954266932 -0.005302158465453905 0.0002841380219063548 -0.10701130080453009 0.9942434100144415 
1712732019360000 -40.589081944891475 -166.41921732125343 0.6545051765901392 -0.005622891794753455 -9.364009773385639e-05 -0.10783697876592761 0.9941525835299125 
1712732019460000 -40.69925931783747 -166.8805090451982 0.6614608703323944 -0.005898648439669451 0.00022182068011946974 -0.10869190370315278 0.9940578335106303 
1712732019560000 -40.80602617935365 -167.31968661861697 0.6669152650081587 -0.006057891060272602 0.0008768645713803102 -0.10944628745759914 0.9939737346281847 
1712732019660000 -40.91090772147873 -167.74081439546705 0.6697924874899482 -0.005999064262957779 0.0010729086082052128 -0.11019749337793988 0.9938909428003015 
1712732019760000 -41.01530374163454 -168.16171275574396 0.6732223662771761 -0.005905204126626503 0.0008747662536206103 -0.11097204310817056 0.9938055225427647 
1712732019860000 -41.12371453845703 -168.59085060623875 0.6733937782170707 -0.005736307510169564 0.0005584428142781513 -0.11176361859846339 0.9937180012011622 
1712732019960000 -41.23341936855711 -169.0226087920351 0.6744202743649825 -0.005196900155842874 0.00030864389618599243 -0.11255245473806753 0.9936320047860081 
1712732020060000 -41.33563094586282 -169.4270401420511 0.6821364142273308 -0.004517222156712247 0.0003990284448230315 -0.11340837904921316 0.9935379502327848 
1712732020160000 -41.43556660810629 -169.81684999746307 0.6953877396516571 -0.004197869160007354 0.00045922378179406485 -0.11440269758623631 0.9934253457704949 
1712732020260000 -41.535720067763606 -170.2079414987416 0.713048973388826 -0.004412679455890065 0.0009475770033447052 -0.1152229627302851 0.9933292349150955 
1712732020360000 -41.63303223483914 -170.59648193106113 0.7148784868706349 -0.004526706757499638 0.0012774536557494224 -0.11617118248476373 0.993217909953305 
1712732020460000 -41.734184905986346 -170.9796830362597 0.7121460973739073 -0.004281107776106253 0.0013063029462058167 -0.11715210551304432 0.9931037875526889 
1712732020560000 -41.83777963479544 -171.3644928574196 0.7186146712051402 -0.004009798269652424 0.0015227157666544392 -0.11796925032499514 0.9930078930966437 
1712732020660000 -41.94133678596863 -171.7474541348966 0.7278340227567438 -0.004059135817131334 0.001737616628521993 -0.11888823189867212 0.9928976905960797 
1712732020760000 -42.04103482028597 -172.12136118628237 0.736141497551958 -0.004330121979038803 0.0013764923462233824 -0.11978551786939953 0.9927892435810178 
1712732020860000 -42.14273376139827 -172.49611017915012 0.7359294245057798 -0.004551141589349136 0.0010986853435641232 -0.12060364860981367 0.9926896142142843 
1712732020960000 -42.245441089366544 -172.87293615406128 0.7286440986630736 -0.004386801222064988 0.0010036546718652046 -0.12139442836431419 0.9925940526800537 
1712732021060000 -42.34510722933719 -173.24097541036804 0.7421525524974282 -0.004267549416509031 0.0014092441228828532 -0.12203096274024458 0.9925160072113541 
1712732021160000 -42.44277044183576 -173.6084721361268 0.7494179917538688 -0.004528940781362806 0.0017791707426707722 -0.12255793178883648 0.9924493802099215 
1712732021260000 -42.54447821110785 -173.98403465549544 0.7509863390810573 -0.004754903579260222 0.00193754513035549 -0.1230527948147492 0.9923868081633433 
1712732021360000 -42.64536985786623 -174.35393574120917 0.7604105825261184 -0.0051129222040993 0.0022672953784390925 -0.1232771611547689 0.9923564639256612 
1712732021460000 -42.74772363638167 -174.7330848928042 0.7634576442336367 -0.005611681834817186 0.0021672013739100944 -0.1233316683730872 0.9923472213723533 
1712732021560000 -42.84794205012555 -175.10188576550055 0.7684280455467156 -0.006219092375093041 0.0021414553727851513 -0.12339907139320941 0.9923352633946467 
1712732021660000 -42.95133767983017 -175.46574953072462 0.7802972822426595 -0.006882350339626707 0.002209741323381827 -0.1236581270636611 0.9922984841372195 
1712732021760000 -43.05583543739227 -175.84191320814304 0.7845668605167213 -0.007585919059277333 0.0025333115047193127 -0.12416647594469453 0.992229018024434 
1712732021860000 -43.16166958267384 -176.2260533284248 0.779380069653484 -0.008087006711109618 0.0029516390974385805 -0.1248309784643779 0.992140584683668 
1712732021960000 -43.27094837011698 -176.61553420809213 0.7773184083643314 -0.008386286158870295 0.0027146509145127284 -0.12554730616027326 0.992048357259445 
1712732022060001 -43.38683375516541 -177.01241410365563 0.7673239616421547 -0.008131650994055308 0.002331865513754275 -0.12634919131130606 0.991949615540721 
1712732022160001 -43.505083045177074 -177.4207814082838 0.7615961717590563 -0.007525044889990437 0.0017045857691826583 -0.12709929982337734 0.9918597912848748 
1712732022260001 -43.62514402115872 -177.84180295138452 0.7702793884837884 -0.006577215072388055 0.0013564162392487003 -0.12780739716878955 0.9917760374518114 
1712732022360001 -43.74760278904613 -178.2616956486467 0.7823853156333391 -0.005865207448921472 0.0012061797844688913 -0.12857066650539223 0.9916821679075754 
1712732022460001 -43.873366700567686 -178.68738579163528 0.7858179120775403 -0.005278855621865596 0.0009076282389991748 -0.12930433340814093 0.9915903560695847 
1712732022560001 -44.00014497867805 -179.12338302022212 0.7827061014685732 -0.004432470771083835 0.0008557982540478765 -0.1298146534535562 0.9915278742091145 
1712732022660001 -44.125521019982926 -179.560274016886 0.7914711680952927 -0.003745759478420664 0.00046511721139472044 -0.13027836053542424 0.9914701412797788 
1712732022760001 -44.25533199267386 -180.002606991402 0.8214601905471397 -0.00385504688364812 0.00027438443507883106 -0.13102001090077986 0.9913720548188094 
1712732022860001 -44.38714043147236 -180.44874904579495 0.8403977255315604 -0.00475120613917168 0.0005196910643461819 -0.13174017684991496 0.991272545171068 
1712732022960001 -44.517927256012 -180.88941045379642 0.8452281795561314 -0.005683418644377416 0.0008553283278299902 -0.13245976112063335 0.991171549802303 
1712732023060001 -44.65075660963191 -181.33678381558562 0.8480533750564601 -0.006455768498904519 0.0011365282547698041 -0.13336393339520308 0.9910452606769953 
1712732023160001 -44.784958589910076 -181.78904535737786 0.8414214051562834 -0.006852492395621194 0.0014646886594824385 -0.134294564318709 0.990916558698782 
1712732023260001 -44.92146106735534 -182.24007556934495 0.8507265911732812 -0.007386186089217437 0.0015839526669995537 -0.13527623417296158 0.9907789173593766 
1712732023360001 -45.060210684267126 -182.70426196433098 0.8483028110149686 -0.008178980192090495 0.001602871124233063 -0.13616809655905798 0.9906505314965832 
1712732023460001 -45.20474352221352 -183.17375702082205 0.8332985657733498 -0.00803028774706691 0.0022336220733257172 -0.13703255803352038 0.9905311774396877 
1712732023560001 -45.347895470711535 -183.64435969688606 0.8382924060401525 -0.007372710507946702 0.002563969946695069 -0.1378756975095909 0.9904186603454164 
1712732023660001 -45.491124957363255 -184.11921101120993 0.8654223941577611 -0.007425031401104728 0.0034373842134925677 -0.13871379755605728 0.9902983045302066 
1712732023760001 -45.639973221539286 -184.59748127379373 0.8849130601322039 -0.008360865430087083 0.0034723436405529875 -0.13971371530426915 0.9901501033281106 
1712732023860001 -45.790774280766826 -185.07701536472746 0.8571829392393365 -0.008027171832960851 0.003943776733846537 -0.14082747646248683 0.9899931131685551 
1712732023960001 -45.942928098163975 -185.56279727076125 0.8345088703786432 -0.006503785489106517 0.004762288435981936 -0.1422642880386977 0.9897952156784284 
1712732024060001 -46.098977891775995 -186.0516257989621 0.8537099384578108 -0.005435121463046779 0.005196862937096201 -0.14417384607843967 0.9895231760889431 
1712732024160001 -46.263509671146934 -186.53830587352346 0.8916968371915797 -0.005791488561586104 0.004644261536028161 -0.14588559522200062 0.9892730292817274 
1712732024260001 -46.434405927071 -187.02368854717847 0.9058234109034172 -0.006767180410429039 0.003473457809899114 -0.1474655835814302 0.9890373376646027 
1712732024360001 -46.60571717998013 -187.51470258710333 0.9197183554944786 -0.007802633737359423 0.0021721248969378865 -0.14932676066953232 0.9887538433867489 
1712732024460001 -46.77993458525542 -188.02842834088113 0.9260898898787379 -0.008231807600475162 0.0021568601859765705 -0.15137285439801607 0.988439466304539 
1712732024560001 -46.953116155256396 -188.53683998020642 0.9192850624945266 -0.008354807286762453 0.0027647987319839224 -0.1531029606207414 0.9881707521271075 
1712732024660001 -47.12880711167128 -189.03140261429306 0.9199524402347755 -0.008623997336843393 0.002270943261062951 -0.15465020683264877 0.9879285711782538 
1712732024760001 -47.30805978247969 -189.52508606547806 0.9164161009150166 -0.008329577047887145 0.0016536622764862247 -0.15656513693646773 0.9876304886921516 
1712732024860001 -47.47621789692055 -190.00599134189946 0.9159129974866268 -0.0074781750803342185 0.0012446874216402752 -0.15860383273036133 0.9873125737240029 
1712732024960001 -47.65129438474755 -190.4928821293001 0.9352010983962045 -0.006835172048419883 0.0017092321029139814 -0.16083314691116862 0.9869555738423846 
1712732025060001 -47.8386606639481 -190.9862453087444 0.9585530970759055 -0.006800187161252127 0.002339585021845531 -0.1638092989183908 0.9864643790422485 
1712732025160001 -48.02405412755289 -191.47636925109435 0.9606277301580507 -0.006656271063959234 0.0017676579143780485 -0.16705819436860908 0.9859215360852098 
1712732025260001 -48.208006170801596 -191.96192044619187 0.9590017793911726 -0.006090828114202978 0.0014359531569472323 -0.17007309531399512 0.9854104563705155 
1712732025360001 -48.39683561300469 -192.43782607693177 0.9712914954088301 -0.005521648180669797 0.0011416518025329139 -0.17315301342701925 0.9848774325383898 
1712732025460001 -48.591842166304815 -192.90805022782308 0.9859902251637314 -0.005258714380768949 0.0014307209991141078 -0.1763770827236995 0.9843061575982612 
1712732025560001 -48.78519021418417 -193.37367549752702 0.9957068958234736 -0.0051855681748435535 0.0016375499122084245 -0.17966544597082112 0.9837113427407431 
1712732025660001 -48.977685112501014 -193.83127606164342 1.001301544178229 -0.005193564822604618 0.0017239903833530315 -0.18283647994549876 0.9831269020919744 
1712732025760001 -49.17257629570939 -194.28559497593307 1.0074451157983995 -0.005212597584232577 0.001763115858481541 -0.18601330990797438 0.982530478958693 
1712732025860001 -49.37043672345548 -194.7386083241341 1.0178633303205111 -0.005104457980701664 0.0016553957723529765 -0.18937811488980547 0.9818880646691263 
1712732025960001 -49.565862215121285 -195.18528337072007 1.0282399706565357 -0.0051662033222653805 0.0021804706010328952 -0.1925034549511177 0.981279084546573 
1712732026060001 -49.77587361864114 -195.64281371409172 1.0335841866429885 -0.005446426430146723 0.002292034036791549 -0.1955085182423082 0.9806829691333467 
1712732026160001 -49.98450279041286 -196.08874571459285 1.0377654037125923 -0.005734439574633066 0.0017788546368434736 -0.19863927607652604 0.9800529473367285 
1712732026260001 -50.1854568421629 -196.52486420234715 1.0436169205865204 -0.005949774304899406 0.0016325679157846227 -0.20170736372614384 0.9794252465053379 
1712732026360001 -50.390385989485125 -196.96097221530204 1.0569141581779697 -0.006291652571741397 0.0016372356365908333 -0.204523839846533 0.9788390383746473 
1712732026460001 -50.60056276504518 -197.39016190795905 1.0691281473541268 -0.006970542528323478 0.0019658296352534498 -0.2072979382106104 0.9782498930741542 
1712732026560001 -50.80014372610472 -197.80886274655526 1.0658239448553175 -0.007612478845535175 0.002052198506655785 -0.21018182998592783 0.9776293835398138 
1712732026660001 -51.01213700727703 -198.23333790812194 1.059607083422459 -0.007674763977622564 0.0015272249601049263 -0.21291623230997592 0.9770381772531267 
1712732026760001 -51.23143778269523 -198.6707091668468 1.0656131249434742 -0.00743804113013097 0.001012090956067981 -0.2155327435805905 0.9764668495152651 
1712732026860001 -51.45168572910165 -199.11622660793017 1.0718529832254697 -0.007106159672728543 0.0009563194102739237 -0.21810973789758717 0.9758970491000678 
1712732026960001 -51.677871734466265 -199.56334766761 1.0736531082844092 -0.006578342244640002 0.0010779543235206056 -0.22037087602694352 0.9753927758751622 
1712732027060000 -51.90860280345055 -200.01085573309962 1.0743144710111183 -0.005963649886952907 0.0008650867447288831 -0.22237868419546586 0.9749411774181732 
1712732027160000 -52.14411001449125 -200.4518262087115 1.085095803854115 -0.005601794052053472 0.00019729703854332397 -0.2241179677204746 0.9745454858408296 
1712732027260000 -52.38310647400209 -200.90758433587615 1.102394231578345 -0.005540620892827537 -0.0006208874890704819 -0.2252902715136848 0.9742755518116555 
1712732027360000 -52.615343056787275 -201.36325179094047 1.1212777221111316 -0.005918825525240565 -0.0008800360745116285 -0.22592484384326433 0.9741262809856924 
1712732027460000 -52.83982266552946 -201.80412017278704 1.1254667939469387 -0.005970725169625065 -0.00033989344260938336 -0.22625589578871136 0.9740494337272203 
1712732027560000 -53.060671146476494 -202.24568737813007 1.128073492594863 -0.005705581040736145 0.0006893774804559541 -0.2261293094996908 0.97408014787031 
1712732027660000 -53.2725804153109 -202.66515206153693 1.1360717310030242 -0.00596306998739979 0.0015360052640750162 -0.22544818915344356 0.9742355057452512 
1712732027760000 -53.484595458560115 -203.08362833755513 1.1512929956084492 -0.006958719112987318 0.001282670852919662 -0.22409438423722694 0.9745411118442591 
1712732027860000 -53.690670519983136 -203.50686091525324 1.1614610633344271 -0.008277978589848516 0.0002625357372694485 -0.22146405040429376 0.9751316000284533 
1712732027960000 -53.89195346565137 -203.92534671217115 1.1623575861881448 -0.009083864247851015 -0.0007860404177781056 -0.21739733028121205 0.9760377430428315 
1712732028060000 -54.08389765959005 -204.34939092569294 1.1680747887477836 -0.009146102638764631 -0.0005522213486847595 -0.2126794016622656 0.9770759739571897 
1712732028160000 -54.26300098560499 -204.7782660424112 1.1681560819287709 -0.008716684877774987 0.000658355115407844 -0.20729736279367766 0.9782344048809313 
1712732028260000 -54.43804570971124 -205.204518076715 1.1663847456609056 -0.008043091832183893 0.0014884334847721475 -0.200720591927822 0.9796078328808828 
1712732028360000 -54.60248691958091 -205.6315493024337 1.1656726256053775 -0.007117350041825218 0.0010300420343965545 -0.19298334305642348 0.9811669594848687 
1712732028460000 -54.75735016387864 -206.05679874398226 1.170050738995267 -0.005870928698820532 0.00017971246397719003 -0.18450417978258593 0.9828043314828072 
1712732028560000 -54.8984551737979 -206.47555254374012 1.1909148741957793 -0.004968681035660062 2.019316987714424e-05 -0.17551423422311557 0.9844536975228646 
1712732028660000 -55.02350336278923 -206.89072609420603 1.212594560949908 -0.00476767161897982 0.0008772048477408502 -0.1659859490928563 0.986104081457625 
1712732028760000 -55.14245498470679 -207.2990532693204 1.2244537064949428 -0.0049674082153821795 0.0018892085137642112 -0.1558607062314269 0.9877512567669284 
1712732028860000 -55.24748486151982 -207.70622340316015 1.2291022739088078 -0.005201135055818894 0.0024163105452057925 -0.1452092669178484 0.9893697568680915 
1712732028960000 -55.334514462789215 -208.11242614735696 1.2335572984343433 -0.005518709672585088 0.0024882268274143914 -0.13397803559286664 0.9909494842994742 
1712732029060000 -55.41164518485262 -208.51140787013543 1.2433888346366169 -0.006078656635841204 0.0024478195900789245 -0.1219258610250418 0.9924985531506636 
1712732029160000 -55.479856087359664 -208.9056922253056 1.2474984494392594 -0.006542326132154953 0.0024158283072674043 -0.10887022046458486 0.9940092794561353 
1712732029260000 -55.53151985915275 -209.29741953902266 1.2432429590564977 -0.006439493099739368 0.0022976964155335595 -0.0947217905095207 0.9954543362542592 
1712732029360000 -55.56071086627878 -209.683521508565 1.2441449482435338 -0.006008665522436522 0.00238847735978448 -0.07958531414987569 0.9967779326811939 
1712732029460000 -55.57750207943647 -210.06613934203602 1.2486158583463247 -0.00556743328598926 0.002477422078439222 -0.06377150735497811 0.9979148595528369 
1712732029560000 -55.58490622630073 -210.44200906279792 1.250591262474117 -0.004787608431963916 0.0027798213831202357 -0.04721593974627509 0.9988347416528308 
1712732029660000 -55.57514941057934 -210.81359036992995 1.2595550515947016 -0.0043535760805837025 0.0031886835461293977 -0.030295732152328662 0.9994919194010862 
1712732029760000 -55.54882936519418 -211.18230977432037 1.263773146669905 -0.004089062458909021 0.003430874712641449 -0.013323540808085208 0.9998622034271973 
1712732029860001 -55.51559903931822 -211.54191743623016 1.2628890604636207 -0.00348306196142678 0.0033773960318167107 0.004072498411000519 0.9999423797034996 
1712732029960001 -55.46927921685869 -211.89637659554572 1.2702451390304388 -0.0030895858534530545 0.0032563592861238836 0.022070194764891297 0.9997063971167434 
1712732030060001 -55.40554854000981 -212.2413985466901 1.2775050143498974 -0.0029660918758353466 0.002578627635857391 0.04070076053810973 0.9991204669016152 
1712732030160001 -55.324502953016875 -212.57853213777872 1.276875588722389 -0.0024894259748186867 0.0013022443738514697 0.06050211110147476 0.9981135595297626 
1712732030260001 -55.22667433824981 -212.90382056061924 1.276652102117184 -0.0016780040892749115 0.00037351294779853095 0.0816490697241612 0.9966027548639115 
1712732030360001 -55.11188920111583 -213.21821962065968 1.2840903104296628 -0.0011545434707746923 -7.540805947154396e-05 0.10376301069737351 0.994540033612702 
1712732030460001 -54.980298442312694 -213.52185622413606 1.2849328176825274 -0.0008919823292758174 0.00031461366107395506 0.1264511026169282 0.9919080753995655 
1712732030560001 -54.83421622784945 -213.81457092180793 1.283742442322211 -0.0005686403158493454 0.0012621111525086062 0.1494259902735291 0.9887058802046464 
1712732030660001 -54.67657405350704 -214.0971177076088 1.2834159075617275 -0.00034357922490598424 0.0021345508484612048 0.17244622269328025 0.9849500610252646 
1712732030760001 -54.50926272308291 -214.3683837290185 1.2834440701810446 7.301378438759555e-05 0.0023612709140878934 0.19548011723446035 0.9806371299478907 
1712732030860001 -54.33173126101707 -214.62801053070652 1.288660826880418 0.00023691059131751455 0.0023499236726902658 0.21874566504528026 0.9757082843865614 
1712732030960001 -54.14144914936735 -214.87560750295398 1.2972771589279577 -1.4645207379613271e-05 0.0022166233917400445 0.24220384142546486 0.9701503039362094 
1712732031060000 -53.93573839404739 -215.11125843711915 1.2993570241440358 -0.0003971267374754579 0.0019079065160867259 0.2658844585118877 0.9639269810906204 
1712732031160000 -53.72225497190493 -215.3354303724755 1.2948371367083482 -0.0006558680666141021 0.0020145508048504315 0.28978774176529026 0.9570099404485022 
1712732031260000 -53.49763624258452 -215.54821191755798 1.2917398435815062 -0.0007286252510176322 0.0022393316692229798 0.31375035607324697 0.9494221158301405 
1712732031360000 -53.26348403601406 -215.75044764810804 1.2903317818813855 -0.0007908436464599674 0.0022582868992306613 0.33782176359191074 0.9411231622457281 
1712732031460000 -53.01803108881797 -215.94252437719558 1.286356284089182 -0.000509784052374479 0.0018436406109540093 0.3620922839517907 0.9320523838625913 
1712732031560000 -52.755248044516655 -216.12071542652433 1.2840621636003449 -3.9207180844117004e-05 0.00132622356861746 0.3865527379540298 0.9221743366036288 
1712732031660000 -52.486457984817854 -216.28229494787746 1.2816426261901102 0.00020026851806547276 0.0014811111016573215 0.41095979533942983 0.9115586100649463 
1712732031760000 -52.20648339771539 -216.4317140674599 1.280972008473047 0.00030097737277133747 0.0019405050884554716 0.43543108097461936 0.9001207435215319 
1712732031860000 -51.91447858387125 -216.56682508793418 1.2726733961358712 0.00048523431955099924 0.0027690108469717173 0.46020756251808914 0.8877004773855734 
1712732031960000 -51.6100645504215 -216.683976059468 1.2646779752977921 0.0008424382491547668 0.0037269132370416477 0.4850013490206116 0.8743955606179583 
1712732032060000 -51.300784236665784 -216.78145054741958 1.260429538172578 0.0012730163647573648 0.004551628444627998 0.5095052519128167 0.8603428561379574 
1712732032160000 -50.98510049154791 -216.86350948457093 1.2540919097484897 0.0018094280978613795 0.005250549293448626 0.5338276861834051 0.8454580441523357 
1712732032260000 -50.661201055797974 -216.93040934763968 1.245752880479598 0.0028043819087397517 0.005523991672969173 0.557960421872003 0.8297233129045956 
1712732032360000 -50.33261441472068 -216.9781330713103 1.237963200100651 0.0040727756326461905 0.0058250000901537684 0.5816859809724533 0.8132589965277341 
1712732032460000 -49.99788536955751 -217.01014416224518 1.2371390063508505 0.005081755470970694 0.006288222342189264 0.6048738156670048 0.7961551469444199 
1712732032560000 -49.65804838876747 -217.02134916334353 1.241214865677817 0.005541092097034374 0.006602388049586099 0.6276433933316172 0.778323230839084 
1712732032660000 -49.3250246249016 -217.00627230091038 1.2416786681752645 0.005878815388251551 0.006366598700867603 0.6501939175907135 0.7595808988452954 
1712732032760000 -48.986531270734666 -216.97431094317437 1.2346865778444547 0.006279338247762127 0.005899215058275578 0.6726294547921579 0.7397812861336082 
1712732032860000 -48.64002556654572 -216.92366904949498 1.2266170216788481 0.006779112181905319 0.005447614276668188 0.6947350724970598 0.7190589640755298 
1712732032960000 -48.29829400431009 -216.85013649530543 1.2161163831025439 0.0072937817483071515 0.005159309844472439 0.7165586741529055 0.6973029221734355 
1712732033060001 -47.96341273054526 -216.72979299752166 1.2102893192624764 0.007834198640274345 0.0046900236659762826 0.7387831786243751 0.6736834885105858 
1712732033160001 -47.62114915934781 -216.58991073737806 1.205879510034513 0.008792457863656976 0.0037645234709056986 0.7604886747387511 0.6490854509499684 
1712732033260001 -47.271753081458925 -216.44591019265079 1.192359641387942 0.010060163082716674 0.0030434826458053694 0.7812617659258614 0.6239082989255158 
1712732033360001 -46.91578044395098 -216.3026284551466 1.1870539756740808 0.01113819262377446 0.0026307050123140427 0.8006361740463979 0.5988492680954475 
1712732033460001 -46.57137732707313 -216.13283180281107 1.1939091852172927 0.011603522104935041 0.001843032716892826 0.8191828164332482 0.5731956888989236 
1712732033560001 -46.24567247276529 -215.92270285009477 1.1909758543010056 0.012383249799562988 0.0007869324655014659 0.8371194975190116 0.5466540859474771 
1712732033660001 -45.936389886029446 -215.68700515192134 1.1824092180449073 0.013360414126729253 3.2467843032620464e-05 0.8541413184104354 0.5196336221202142 
1712732033760001 -45.63892704010276 -215.43465015875012 1.1837779756823876 0.013693367568802368 -0.0006163917644358269 0.8701644910941482 0.4923283951298656 
1712732033860001 -45.35262658562031 -215.16455698348378 1.1868414530418083 0.013710379852689317 -0.0015464662207348712 0.8851353398994255 0.4648783491574157 
1712732033960001 -45.08541464220676 -214.87311882894826 1.1810113146138093 0.013539633836081536 -0.0024053879723566624 0.8991849661806731 0.43708532033425773 
1712732034060001 -44.838956028907425 -214.5671735567129 1.1661724398930235 0.013343154315157861 -0.002701409394172919 0.9122064052994827 0.4092319060950914 
1712732034160001 -44.604106714089724 -214.24892464180948 1.1578768596860618 0.01279059511355094 -0.0025993092502151977 0.9240355319938085 0.3818100555680498 
1712732034260001 -44.38687073490172 -213.91927635095095 1.147663935744569 0.012298771152796834 -0.0022808086512725112 0.9347060631141166 0.3549247074360161 
1712732034360001 -44.185537871330475 -213.57582540575007 1.1403866790766877 0.012004981776553963 -0.0018549777089976421 0.9443909155969861 0.3283097418307576 
1712732034460001 -44.002643599203324 -213.2219530572527 1.135822477284386 0.011622751366625335 -0.001267225496262776 0.9531385664736005 0.30200826516989976 
1712732034560001 -43.83963806175689 -212.85852100641472 1.1300990764395142 0.011335198133070394 -0.0004241973053743761 0.960970164825873 0.27610560395380457 
1712732034660001 -43.69314230896371 -212.4893510739305 1.1210838480591026 0.010934357453080138 0.0007114086464937411 0.9679951663280176 0.2503900012084103 
1712732034760001 -43.562459395285764 -212.11375518269318 1.1110196633662934 0.011255814235869677 0.0020137406190463046 0.9742026929242591 0.22502745083054426 
1712732034860001 -43.44651205838993 -211.72463679684384 1.1104294325044408 0.011672854568800968 0.003152654201235504 0.9796065070966179 0.20018042341760262 
1712732034960001 -43.34825079924447 -211.3290704786565 1.1146686254457214 0.011724157251754467 0.003965101502346727 0.9842684177673285 0.1758337882489523 
1712732035060001 -43.27368639121072 -210.92371451514364 1.1165046164160286 0.011154064679785157 0.004667463441685049 0.9882275269131987 0.15206392080030728 
1712732035160001 -43.21138060275065 -210.50473309242193 1.1218574007848048 0.010243237817482842 0.0047958532173499845 0.9914934271380971 0.12918692330467432 
1712732035260001 -43.1569888370688 -210.08108198439868 1.1195991105070398 0.009479617595599234 0.0046609963423439585 0.9941053664254594 0.10738505341742607 
1712732035360001 -43.11063870664725 -209.64836568068102 1.1156094223310022 0.009179121888370646 0.004282942370932678 0.9961238621880041 0.08681690153470477 
1712732035460001 -43.07924734888215 -209.19865610581456 1.1093768628758782 0.009502163474992373 0.003942790435904973 0.9975995472710805 0.06789099721413114 
1712732035560001 -43.05800634675422 -208.7337145067949 1.098609433424277 0.00989157873857967 0.0038565251752260346 0.9986259858361954 0.05066523178267146 
1712732035660001 -43.0435491016606 -208.2608817714065 1.085235249255001 0.01033038966038285 0.003973856780594837 0.9992947825700329 0.03513253669245274 
1712732035760001 -43.03600555442647 -207.77656808883853 1.0683999393296006 0.010771045105667627 0.004569043685904991 0.9996825598784262 0.021368811723461625 
1712732035860001 -43.03911216919789 -207.28024755545894 1.0610792686848716 0.011014788661276566 0.0053333136024899626 0.9998647592036367 0.009574583702747299 
1712732035960001 -43.05087945369533 -206.77704053970456 1.0631465119381056 0.010249861578367573 0.005622085562213531 0.9999220305321106 -0.00010806585964685768 
1712732036060000 -43.06389841889656 -206.26494748810353 1.0659780677274833 0.008342299607818158 0.005383279071432441 0.9999156765947002 -0.007628227620614015 
1712732036160000 -43.081121734865064 -205.74461563987336 1.0676080879554941 0.006287172891012233 0.004506167893271787 0.9998861742279888 -0.012748940574247263 
1712732036260000 -43.09442109560436 -205.21640433697542 1.0662005791668105 0.00534384535144118 0.003103024023430629 0.9998562606078827 -0.015731656524782173 
1712732036360000 -43.10006081175083 -204.6763109439077 1.0621037574531358 0.0060624045159057855 0.0017099742117456327 0.9998303962428293 -0.017272815017221367 
1712732036460001 -43.10654757777384 -204.12740823603133 1.045993258900808 0.006893868401354234 0.0010103497644996487 0.9998220976962022 -0.0175252894739473 
1712732036560001 -43.117254901395384 -203.57192949145207 1.0339120634131487 0.006618681406611643 0.0005815281673079907 0.999841080673153 -0.01652072177470479 
1712732036660001 -43.125815689996884 -203.00161391683116 1.02255641548177 0.00579829924592298 0.00023867066758683045 0.9998694784630621 -0.015054897622405219 
1712732036760001 -43.125476090189196 -202.42424785007825 1.0160196992880803 0.005500577127680132 -0.00013487740167708454 0.9998947448051934 -0.013393640079038491 
1712732036860001 -43.11964513703106 -201.8328325920142 1.0062244516851346 0.006008522267216649 -0.0002950470883384395 0.9999200143937276 -0.011037725703971692 
1712732036960001 -43.112718878337105 -201.22135514124687 1.0000638141467664 0.005959423191731826 1.3474280832390803e-05 0.9999514591570202 -0.007598372339418447 
1712732037060001 -43.101371137241344 -200.59348717151045 1.0039384622506662 0.0047144465006399485 3.821038796712331e-05 0.9999809606676512 -0.0030139639007558377 
1712732037160001 -43.079133411531984 -199.95389889881767 0.9985557019892983 0.0037090820302715264 -0.00023997321417385924 0.9999852831725107 0.0026113707445063724 
1712732037260001 -43.03780884142745 -199.27913807243715 0.9763479424233469 0.003354239826287983 3.546237162942628e-06 0.9999447245577626 0.009320413221272247 
1712732037360001 -42.9818127827658 -198.5895577607049 0.9660570157814652 0.0037976052583569794 0.0006023355513974852 0.9998485900593856 0.016579600474219088 
1712732037460001 -42.92863672901723 -197.92228458293945 0.9664187689649674 0.004700275867807371 0.0009881464535061511 0.9997036863976021 0.02362155644619158 
1712732037560001 -42.864259299129316 -197.23673021564022 0.9635354204885878 0.004951826522058609 0.0010867143442455523 0.9995067537843827 0.030782083936442793 
1712732037660001 -42.78420374680934 -196.5281109935667 0.9502794165898576 0.004905341696222807 0.0017128777767239942 0.9992447355037486 0.038322685613978516 
1712732037760001 -42.69457303472633 -195.8102353263801 0.9367696542322199 0.004092800176767955 0.0027491470429930704 0.9989187011069101 0.046063231240273755 
1712732037860001 -42.59418535015507 -195.08278002156973 0.9182209143175494 0.0038892438720812376 0.003845771303742006 0.9985304572179523 0.053781933866274105 
1712732037960001 -42.47591378171049 -194.34815997701554 0.9105470436715453 0.004374096930930319 0.004856401104943323 0.99808028247882 0.061469759813632605 
1712732038060001 -42.34173432043657 -193.61150196993816 0.931070598528281 0.004581371569417167 0.004641335706003296 0.9976013932581315 0.06882226985945802 
1712732038160001 -42.20118349970103 -192.87071397181032 0.9301972780815841 0.005064633011090747 0.0037901133694854153 0.9971046479024066 0.07570433277459902 
1712732038260001 -42.05398002208753 -192.124773711001 0.8907643829118532 0.006214339540461076 0.003803327136231587 0.996584810765412 0.08219143700097535 
1712732038360001 -41.89691863065431 -191.3675588663382 0.8471003792338334 0.006774406718273483 0.005480363785760068 0.9960531576409304 0.0882741008371285 
1712732038460001 -41.72972113915256 -190.60361236842982 0.8377561211099571 0.006953012694034944 0.006834662851436586 0.9955335834808589 0.0938654851999125 
1712732038560001 -41.554390500603176 -189.83444929502093 0.8781140228774091 0.007529894604491291 0.005676875792899887 0.9950886322258075 0.09850915023506847 
1712732038660001 -41.37275080135227 -189.06117049926212 0.9534871207527644 0.007621955001482682 0.0015853320278730735 0.9947555661171716 0.1019414549610064 
1712732038760001 -41.19323378322598 -188.28909579152872 0.9347752195090051 0.0065793540154738175 -0.002429725590164282 0.9944938854735952 0.10453882345935354 
1712732038860001 -41.00731358939864 -187.5072766124876 0.8217144228656208 0.006217537444549427 -0.002551562240361999 0.9942692170852321 0.10668497234516706 
1712732038960001 -40.81686587904352 -186.70751079302264 0.732400816740209 0.007467104407762659 0.0011301085153662053 0.9940976770448884 0.10819436656792092 
1712732039060001 -40.61275226093716 -185.89455301189747 0.7441203870653321 0.008918389626518187 0.0046742659177115954 0.9939635737040262 0.10923701750427944 
1712732039160001 -40.40499388944836 -185.0719515184016 0.8002793523313222 0.009641651479457848 0.006088932201614184 0.9938318143263998 0.11030796770225501 
1712732039260001 -40.19952683341555 -184.24730963070704 0.8239056724658433 0.009859226040309659 0.005976915529963952 0.9937093010334799 0.11139369219240697 
1712732039360001 -39.989805050408506 -183.41794426437406 0.8269002976883016 0.009063925840753339 0.004506109003363495 0.9936056604909063 0.11244367660130056 
1712732039460001 -39.77631607920301 -182.5809367715637 0.8306102910784214 0.008682501713018403 0.0016522793318264131 0.9934715823964526 0.11372271728827246 
1712732039560001 -39.560504330585786 -181.74598746552013 0.8345900377922519 0.008590489958828997 -0.002310927534062793 0.9933288505833762 0.11495124240123986 
1712732039660001 -39.340354818019435 -180.90481771248153 0.7881189237776978 0.008357850473141333 -0.004855556099008674 0.9931618444665312 0.11634032011266628 
1712732039760001 -39.11843097715017 -180.04676872167346 0.684982953806103 0.009213115223138953 -0.002936497310933815 0.9929732404532572 0.11792137975819017 
1712732039860001 -38.89017407458012 -179.17459316084575 0.6272546183168384 0.010658151288477344 0.0018155776016867608 0.9927899764471184 0.11934739361093757 
1712732039960001 -38.6496777885325 -178.2851416532307 0.6698559826169632 0.011069194882536486 0.0050831902913848785 0.9925902024713038 0.12089114346616485 
1712732040060000 -38.40633547632738 -177.3951369134623 0.768713766285968 0.010782720030094648 0.004283509201852518 0.992403473921476 0.1224681954965284 
1712732040160000 -38.16056465080652 -176.5101785981796 0.8033264536038284 0.009299183671502361 0.0008824803550248136 0.9922355962972618 0.12399920459700826 
1712732040260000 -37.9111916847473 -175.6222744614494 0.7402889314680123 0.008985258460530741 -0.001522479712521353 0.9920275880304015 0.12568504117550505 
1712732040360000 -37.65547469159677 -174.72362656734143 0.6477422785212597 0.010471869555702297 -0.00035832358179417714 0.9917816626364666 0.12749793291584788 
1712732040460000 -37.391124791258456 -173.80489137867363 0.6158116890088061 0.011131498740609416 0.00285033861610045 0.9915471552461137 0.129223510838721 
1712732040560000 -37.122300044572704 -172.881026051307 0.6458507184565154 0.011508146725921722 0.004432476656816102 0.9913181847894466 0.13090194041051145 
1712732040660000 -36.84896942653261 -171.9552355047252 0.6855361646745959 0.011898293723712733 0.0037598195211801634 0.9911065187171119 0.1324808074927005 
1712732040760000 -36.57198087462991 -171.03078375791756 0.6806622962504864 0.012520645613339047 0.0025262192353486257 0.9909190952948181 0.13384795817952286 
1712732040860000 -36.294990949077715 -170.10146971067294 0.6411641802771189 0.013020227912281064 0.001985331414693734 0.9907460028563067 0.13508706240706178 
1712732040960000 -36.01188406584671 -169.16025511620848 0.6176342164726112 0.01294739302770851 0.001991253283410687 0.9906046936233935 0.1361268261715518 
1712732041060001 -35.71922147510499 -168.1880678663602 0.6182950589823617 0.012887865059397721 0.0013059984853000756 0.9905563594182317 0.13649155255601858 
1712732041160001 -35.43375009095155 -167.24209717678596 0.6114337928003912 0.01337041315962551 0.00016076660201624584 0.9906184527764966 0.13599889080988378 
1712732041260001 -35.148784764457616 -166.28751920624774 0.5770013779291466 0.014066383602018789 -3.678384058119839e-05 0.9907855341749365 0.13470479959234086 
1712732041360001 -34.86163094449882 -165.30487173648422 0.5635457369844069 0.014511386704488878 4.9016434448251354e-05 0.9910134977028046 0.13296929601814933 
1712732041460001 -34.57629792076435 -164.3161336691698 0.5610941959768798 0.01466359313580537 -0.0003994557831201978 0.991260825397323 0.13109461021315988 
1712732041560001 -34.294180475132094 -163.32130077567848 0.5393928847372285 0.014534472287226975 -0.0003554478644864673 0.9914945160060649 0.12933094381354676 
1712732041660001 -34.02450507146504 -162.3495779066833 0.4953690628794326 0.01333246644909062 0.0011758847380713962 0.991642459677381 0.1283122341974761 
1712732041760001 -33.74119707614598 -161.32429800045657 0.4746023237901206 0.01265547758026962 0.003190429695561231 0.9916839396385595 0.12803033157169005 
1712732041860001 -33.4504875834744 -160.2819664581417 0.49622123349439173 0.012490753559318939 0.004190244957500465 0.9916957051873654 0.12792959169627494 
1712732041960001 -33.159155366707665 -159.25678434101204 0.5222276582068701 0.012065302168619493 0.0037643948420511366 0.9917111646161393 0.12786295160073108 
1712732042060000 -32.868415651887744 -158.2325129413211 0.5277194785568196 0.011556009308263053 0.0021616638024724326 0.9916817053261322 0.1281720144858454 
1712732042160000 -32.574797993132876 -157.19723503496178 0.48255981011449406 0.011356014930915889 0.0012786684771564243 0.9916106912720424 0.12875382704061225 
1712732042260000 -32.275883513196504 -156.15118907613865 0.4262859559980079 0.011887011951440816 0.0021483299575703833 0.9915388404667205 0.1292440289629267 
1712732042360000 -31.973158996268914 -155.09922301905505 0.41630709033070623 0.012625395059251778 0.0034760242635815167 0.9914664786042595 0.12970057847301344 
1712732042460000 -31.670816551445192 -154.0380132463709 0.42794501327934464 0.012774303915319859 0.003800823007263109 0.9914227627062994 0.13001247425087714 
1712732042560000 -31.362677472083227 -152.97104870403686 0.41786300572983387 0.012348807915148214 0.0035954944959616262 0.9914019713692754 0.13021754761282633 
1712732042660000 -31.05469810551689 -151.90251837532827 0.4084680684493356 0.012762285961049339 0.0034007451517271423 0.9913758441866337 0.1303809674422762 
1712732042760000 -30.745083012949426 -150.82929202357653 0.3931001803381221 0.012721832831263151 0.002963296555735357 0.9913691013371508 0.13044708802697638 
1712732042860000 -30.434512544397414 -149.75169993183204 0.37604646650514423 0.012414420234082487 0.0022195209598778595 0.9913461256282101 0.13066603509104274 
1712732042960000 -30.12375621984501 -148.6620986787401 0.3596854275799428 0.012553965467226376 0.001805037757350077 0.9913081897730918 0.1309472559934385 
1712732043060000 -29.805247248240867 -147.5631140697347 0.3320469032488176 0.012608645618629866 0.0024044633335090263 0.9913000119577364 0.13099329003813168 
1712732043160000 -29.4846165965333 -146.4614837638248 0.29841613075645035 0.01244739555109578 0.0035111151589787984 0.9913023796701412 0.1309656885578352 
1712732043260000 -29.165659177235113 -145.35189178206792 0.29097196177806417 0.012304772906264787 0.004008938158707496 0.9913053186301432 0.130943814682626 
1712732043360000 -28.844179753465955 -144.23868515743507 0.2975438957584915 0.012189904735665533 0.0037900723690631926 0.9913024612599048 0.13098252998626472 
1712732043460000 -28.52163111695377 -143.11680032751255 0.26736447384220285 0.011682555341104794 0.003713702923856969 0.9912829148208504 0.13117831154009948 
1712732043560000 -28.19288807805743 -141.99001062409005 0.25001429538610054 0.012127314945042201 0.0037728052476871292 0.9912681756936045 0.13124680412049794 
1712732043660000 -27.84963455049857 -140.8257486710949 0.23458487046306992 0.013992640615669898 0.0037816579838194572 0.991281327284089 0.13095779056030182 
1712732043760000 -27.521526924408 -139.69646595503758 0.208295223359645 0.016674310296389487 0.0035837895379010557 0.9913729839913585 0.12994669958705246 
1712732043860000 -27.202244319931054 -138.57394163033254 0.19392514302163846 0.018616334080289523 0.0033667468443681903 0.9915884165227828 0.12803467623807718 
1712732043960000 -26.882297167637354 -137.4238538583258 0.2039663211370074 0.018999132874449428 0.002125992805038106 0.9918623771123862 0.1258630210465232 
1712732044060001 -26.571486538509923 -136.26943578910456 0.21944621763559263 0.017610571993553287 -0.00037429784230010846 0.9920517204247796 0.12457887487250444 
1712732044160001 -26.264593364979117 -135.10955567471404 0.18741542103468134 0.013893444995457846 -0.0019267300237501403 0.9921520369313659 0.1242258769615616 
1712732044260001 -25.959096044809584 -133.94689407394407 0.14018739494482102 0.009541706637204576 -0.001890101248405537 0.992203307753668 0.12423322411145812 
1712732044360001 -25.649054836485853 -132.7753142726327 0.11354785114833646 0.006820486283066592 -0.0010724354600214576 0.9922006592232165 0.12445531686087022 
1712732044460001 -25.328709753844358 -131.5910418487543 0.08985079191699244 0.005350536684789021 0.0005293352682589848 0.9921556947464131 0.1248870612482223 
1712732044560001 -25.00304315026454 -130.4036624427867 0.07808562573940055 0.004787500473708637 0.002100314457050222 0.9921181882374476 0.1251948908305393 
1712732044660001 -24.67179066600123 -129.21547614710457 0.08791321189301576 0.00522068886195933 0.00260874153566512 0.9920865284296172 0.1254196582799768 
1712732044760001 -24.340201267382163 -128.0205933248614 0.10318456698845622 0.006213711531149095 0.00255388208071763 0.9920529462883683 0.12564037436725875 
1712732044860001 -24.0030562932612 -126.82510670098547 0.08974607327603978 0.006491736219476199 0.00232175490010908 0.9920327718594986 0.12579108072149067 
1712732044960001 -23.66611804491793 -125.63244649460253 0.07564014446867054 0.007247296495161247 0.0016056408099019092 0.9920105569541433 0.12593335568414848 
1712732045060000 -23.3314933655933 -124.43232306134445 0.07509318849433633 0.008578893244480081 0.0010416663301615196 0.991963401221144 0.1262279566149826 
1712732045160000 -22.991902217573518 -123.2212216392401 0.05034444383181438 0.008677585383918197 0.0010947635093944055 0.9919271055725496 0.1265068390147 
1712732045260000 -22.650393055723605 -122.00773427804764 0.022091507657105904 0.008597215726207658 0.0010829677616315033 0.9918929299721583 0.1267804054097012 
1712732045360000 -22.30658487105444 -120.78751233777098 0.00786979607403634 0.008894925757070933 0.0012747008206534971 0.9918511174551663 0.1270847137037866 
1712732045460000 -21.96074547108786 -119.55650365969726 0.0021352153029646 0.00895695244894239 0.0018196014877862167 0.9918071659447973 0.12741619958786027 
1712732045560000 -21.614541535464028 -118.3228806143581 -0.001721363492949617 0.008860572955619433 0.002192116609512307 0.9917628194189312 0.12776209452232024 
1712732045660000 -21.261579701303006 -117.07915472552959 -0.010389910084899503 0.008408259196103567 0.002078019429332997 0.9917271743158027 0.12807042640605942 
1712732045760000 -20.90741362324244 -115.8347798508068 -0.024942453363736065 0.008874396987063216 0.002029290578634962 0.9916727675904762 0.12845943064637594 
1712732045860000 -20.541423343367768 -114.540531878439 -0.04603580408943399 0.009166193679470833 0.0021507230627416975 0.9916441722315521 0.12865908554114266 
1712732045960000 -20.17529161461046 -113.24900028337629 -0.06898511812539637 0.00946696014117467 0.0022041529056366777 0.9916288244322766 0.12875426408723972 
1712732046060001 -19.82845037243925 -112.01950070395742 -0.08955218745948218 0.009116950826866223 0.0021507564418959033 0.9916343656707691 0.12873717217532823 
1712732046160001 -19.475385464921235 -110.7653034777068 -0.0739424776937821 0.0093486368903344 0.0018503771972023216 0.9916524700075704 0.128585441399085 
1712732046260001 -19.113815354063433 -109.4781285222099 -0.07011340351709071 0.008828793941255707 0.0012998838541527136 0.9916892242587787 0.1283437430138997 
1712732046360001 -18.74989449781161 -108.19284258366655 -0.09611425800162338 0.008110412974511106 -0.0002041876106002205 0.9917799366606225 0.12769296430465718 
1712732046460001 -18.38583501864232 -106.91071546631338 -0.13897947124457166 0.008727922107746627 -0.00019264237738932306 0.9919264515234599 0.12650874697368308 
1712732046560001 -18.024723645629855 -105.61200299850452 -0.16300401198297723 0.010270197114243554 0.0010297737843007566 0.9920906498435516 0.1250920101842058 
1712732046660001 -17.667690458497574 -104.30323386234289 -0.1585012536553732 0.01164120147170706 0.0012563948354061458 0.9922636013945934 0.12359194667913889 
1712732046760001 -17.313806814508403 -102.98924179219834 -0.18612083182289701 0.011950634055586527 0.002458675480489274 0.9924610298029043 0.12194387389969005 
1712732046860001 -16.964700503302844 -101.66515688849694 -0.21847628044757328 0.011671284920015873 0.0050817023235702405 0.992662605981702 0.12023387486265252 
1712732046960001 -16.618887934959403 -100.33188765548095 -0.189590082066487 0.011380893029527063 0.005666427978709364 0.9928776860707207 0.11845343824008556 
1712732047060001 -16.27525744971041 -98.99426011160315 -0.16495605048267498 0.010944780740628273 0.0038200226142311344 0.9931207718598702 0.11650855190356359 
1712732047160001 -15.937887646407976 -97.65808421251737 -0.1982271798837225 0.010556148394844044 0.001912447973167699 0.9933689009207054 0.11446180724885424 
1712732047260001 -15.6048275575554 -96.31404847891186 -0.26271926469512363 0.010599063496346858 0.0018392874759617082 0.9936049108611664 0.1123934980564639 
1712732047360001 -15.273412351391368 -94.95907565764506 -0.3053170844570634 0.011119000583270248 0.0033441512264144593 0.9938123242369488 0.11045556892616631 
1712732047460001 -14.950105270550882 -93.60120868442584 -0.3006635003326724 0.011308874046804756 0.004153347013023474 0.9940231459088894 0.10849808633620847 
1712732047560001 -14.630374769863636 -92.23505311822333 -0.27976677813073175 0.010865680788819707 0.003638386237828478 0.9942576885450359 0.10639038512186044 
1712732047660001 -14.312467612225445 -90.8654436519285 -0.2830538442722679 0.010549830532289119 0.00209250957786239 0.9944923017280951 0.10424653968483447 
1712732047760001 -14.001584737205123 -89.49782586018097 -0.32136123090714885 0.010557015414195972 0.0013729289060202552 0.9946872902517098 0.10238736425842412 
1712732047860001 -13.694645087801483 -88.11428652308012 -0.3697477308421483 0.009438497214885367 0.0031753233137589423 0.9948465370130353 0.10088496366032756 
1712732047960001 -13.385025406297611 -86.71405321270413 -0.35238122085230983 0.009360650157632246 0.0045196194210854 0.9949641552851465 0.09968781306844571 
1712732048060000 -13.07777234537599 -85.32206914926661 -0.32226188041881676 0.009212040366360242 0.0032940000629487183 0.9950751683781471 0.09863047740339637 
1712732048160000 -12.77380216323246 -83.93687002571136 -0.3518669133091247 0.00911868860441205 0.0006730642621054087 0.995146111761369 0.09797198944666075 
1712732048260000 -12.470902988461036 -82.54575608580973 -0.39690371116063583 0.00967195869990582 -0.0006591459715916037 0.9951680816197959 0.09770569871804846 
1712732048360000 -12.16655378555875 -81.14760791523207 -0.42762378737884443 0.010001681472710418 -0.0005379594163414068 0.9951792790186073 0.09755936945511373 
1712732048460000 -11.86163624901517 -79.74306039209704 -0.4390159877255128 0.009889486786660094 -0.00018774086828823075 0.9951776100125713 0.09758912124237533 
1712732048560000 -11.558950901217493 -78.34338252094324 -0.4434351394854525 0.009681076551223486 0.00017746003260541896 0.9951726527046351 0.09766060336339968 
1712732048660000 -11.253292323983125 -76.94136923058346 -0.4322568635005323 0.009991633515843616 -1.9062915079441612e-05 0.9951686248938758 0.09766984301953482 
1712732048760000 -10.945047721161517 -75.53508190449502 -0.4195132482343009 0.010386511381551517 -0.0010317422282764956 0.9951652579131417 0.09765628040616411 
1712732048860000 -10.639061937638683 -74.12699854075152 -0.4467329647333686 0.010603827583344435 -0.0013540573687984446 0.995147050494769 0.09781624926563078 
1712732048960000 -10.335490132199432 -72.717939458958 -0.4802782779450859 0.010849733096024359 -6.3539002636798e-05 0.9951260744264581 0.0980074107265219 
1712732049060000 -10.027872977419772 -71.3077961157482 -0.48208688906768643 0.0109080090160062 0.0014862716124829345 0.9951139801305244 0.09811507802933475 
1712732049160000 -9.718923881733426 -69.89872737548166 -0.4663265785752325 0.010609882054559504 0.002139392627561489 0.9951119136590538 0.09815841443931381 
1712732049260000 -9.41130869213692 -68.48671907366665 -0.44137684414221534 0.009917679544897206 0.0013605388012208344 0.9951194952945233 0.09816462744581177 
1712732049360000 -9.10282277476217 -67.073767960558 -0.43860977588665273 0.009793653600096855 -0.00037836254300025195 0.9951113149224711 0.09826737389982083 
1712732049460000 -8.793915474077867 -65.6665587638997 -0.47239455374851236 0.009992454351899452 -0.0016287392935833566 0.9950925300463789 0.09842863108202746 
1712732049560000 -8.485516701921641 -64.26127351815325 -0.5024509534410412 0.01044175808455932 -0.0014888216226610768 0.9950768571222577 0.09854209244886322 
1712732049660000 -8.165744653111606 -62.81078162687466 -0.5037035933123766 0.011028829168757581 -0.0011041029549828977 0.9950619918449197 0.09863421274379877 
1712732049760000 -7.847571097891334 -61.37043103754273 -0.49742167331733234 0.011500700715700916 -0.001183551915851733 0.9950546735470105 0.09865328642498192 
1712732049860000 -7.536973253062527 -59.95142138263836 -0.4956268889631971 0.011538752531168945 -0.0012836768549252 0.9950525040299272 0.09866970165792907 
1712732049960001 -7.226652097331058 -58.53608516902847 -0.48737276048800326 0.011410952030234504 -0.0020225918868119626 0.9950401916757469 0.09879449238414943 
1712732050060001 -6.925053212416833 -57.16718166588994 -0.48661637765464805 0.010958178732306383 -0.00324457579880433 0.9950279563053774 0.09893569074156994 
1712732050160001 -6.620678223988389 -55.77803494623019 -0.508044192319383 0.010756809490410177 -0.003441106677605532 0.995011268992527 0.0991208822902695 
1712732050260001 -6.309609839316222 -54.35660530756537 -0.5163748639309882 0.01037386483054328 -0.0029979387295620344 0.9950018741279213 0.09926980249798348 
1712732050360001 -5.996081159645418 -52.93633155000455 -0.4922934360622651 0.010069771873348732 -0.003006771468517911 0.9949925036349496 0.09939542879346612 
1712732050460001 -5.680552294704993 -51.51612311412482 -0.47288060251942327 0.009809423875836254 -0.003949749229739074 0.9949756948672073 0.09955417954179496 
1712732050560001 -5.367734264690423 -50.096485952726205 -0.45142826669534725 0.010362050301944585 -0.005826070735111332 0.9949670010195764 0.09948778650317118 
1712732050660001 -5.055427743097285 -48.67989601919847 -0.4552532475911743 0.009665026228058354 -0.007739637421606038 0.9949965642985417 0.09913039544291488 
1712732050760001 -4.743995365675408 -47.25735968479049 -0.5073499517603417 0.009794810904511335 -0.007508378631158122 0.9950523573777066 0.09857620373972056 
1712732050860001 -4.435875640240281 -45.82653194439199 -0.5589246731803456 0.01109161647828053 -0.0037218368542268126 0.9951384929273743 0.09775093334618536 
1712732050960001 -4.1241110565603 -44.388860160149385 -0.5438787131046225 0.011195850750831748 0.0004389173345212562 0.99526021538014 0.09658304297180341 
1712732051060001 -3.812819449373415 -42.95334364537298 -0.4447652857098404 0.010995978860515447 0.0010346191263070302 0.9953732905755013 0.0954430719448337 
1712732051160001 -3.5108953084996024 -41.53076340581745 -0.34501746710714354 0.011383962381177183 -0.0029066971590310632 0.9954507286781097 0.0945075562594195 
1712732051260001 -3.213885531483552 -40.10710671843331 -0.3605219153155229 0.011870122098797321 -0.007679085331970864 0.9954975539546511 0.09370409860360948 
1712732051360001 -2.920123155391216 -38.67644070930481 -0.46885443553179484 0.011923310355434404 -0.007746739306753615 0.9955838313327333 0.09278307994346333 
1712732051460001 -2.6254538681626336 -37.240360413360605 -0.5020078785285351 0.012385682910130483 -0.004839097022573832 0.9956755991732529 0.0919275907405132 
1712732051560001 -2.33005828987546 -35.79708261315547 -0.45623009320749164 0.012434503844340878 -0.0031487130349314614 0.9957593027045702 0.09109600513553934 
1712732051660001 -2.036920582089733 -34.359288075322006 -0.39467558773665856 0.0124570880502902 -0.00394717859401658 0.9958200346692961 0.09039230496425532 
1712732051760001 -1.746133233428624 -32.93376082204517 -0.3579522748482647 0.012940472916010512 -0.005999243248614349 0.9958497948310138 0.08988024969068611 
1712732051860001 -1.4579735543380536 -31.50408229623596 -0.3833240024747028 0.01264234119229554 -0.007216542928868464 0.9958802513660308 0.0895004796743178 
1712732051960001 -1.171791548533537 -30.072287912609646 -0.414047558398161 0.012376636959699944 -0.00674976449783506 0.9958961765769865 0.08939652555061103 
1712732052060001 -0.8882193912808103 -28.64425010987458 -0.3927419207527354 0.012395049068619443 -0.005814909234883392 0.9959088978033512 0.08931887533481071 
1712732052160001 -0.6075051563941716 -27.21674588406744 -0.3536422711748604 0.011683612711750545 -0.006251484885934517 0.9959331503703033 0.08911152665805033 
1712732052260001 -0.326113907367695 -25.7895206210267 -0.33061034197126116 0.010954334419262027 -0.007363836522649292 0.9959376203814773 0.08907150786238557 
1712732052360001 -0.04556801094292711 -24.36495209621525 -0.3368298238726339 0.010350368689864909 -0.007155378373691745 0.9959398438845461 0.08913542397139296 
1712732052460001 0.24406312681517062 -22.901704930915322 -0.3359147239112544 0.010046957249414491 -0.006197696515683531 0.9959488672439452 0.08914203005492312 
1712732052560001 0.5346484882209954 -21.451309883490786 -0.30816492971592824 0.009988204458276948 -0.005750403565740048 0.9959555714694907 0.08910477967186825 
1712732052660001 0.8153401716883284 -20.033398828320202 -0.27942103605809127 0.010168107590700788 -0.006102664205483374 0.9959599342729786 0.08901141845176638 
1712732052760001 1.0954821502145011 -18.618171986185256 -0.2585181045658354 0.010169895198591591 -0.006698467380856705 0.9959643625959014 0.08891911014472684 
1712732052860001 1.3662244298206687 -17.25114309032724 -0.24423926993344758 0.01020444724372229 -0.007416448342121733 0.9959626405582729 0.08887691065881748 
1712732052960001 1.6379917748327917 -15.87631667289329 -0.25541208929983433 0.010118391728367655 -0.00699658982582951 0.995969987006208 0.08883721378745132 
1712732053060001 1.9193650611655222 -14.473848590797786 -0.25457339665193457 0.009793214355453172 -0.005428699228598551 0.9959911947440986 0.0887432961203588 
1712732053160001 2.1961101036816926 -13.07275438415998 -0.2137922882762268 0.00986049293220512 -0.004699670342343991 0.9960097423348278 0.0885733476742028 
1712732053260001 2.4728654972894137 -11.681072646050833 -0.16164844214412646 0.01016278855496409 -0.00572779471824866 0.9960114781341752 0.0884550926024981 
1712732053360001 2.7507243666245333 -10.297777487354868 -0.13598737788944892 0.01035355155541006 -0.0073144013205134915 0.9960015284908393 0.08842919823968132 
1712732053460001 3.023947768023766 -8.927391957680666 -0.14882846600781496 0.01099681009368498 -0.008040111250631832 0.9960231671263955 0.08804507743012881 
1712732053560001 3.293296688281326 -7.5556561645692 -0.1609397145447854 0.011601867154063595 -0.007236449288474377 0.9960993611450707 0.08716807875839284 
1712732053660001 3.5563357553008155 -6.186117065017347 -0.14693172455554104 0.01234710900571493 -0.005396065109810559 0.9961834902545309 0.08622888619027119 
1712732053760001 3.8164138780689005 -4.821059462799973 -0.11005147301117639 0.012687004012241692 -0.004007981998916596 0.9962673536375128 0.08528711032541014 
1712732053860001 4.072951526125354 -3.4655548901219078 -0.07761513538715314 0.011982938359079582 -0.004247015420763638 0.9963601501105415 0.08428543267000344 
1712732053960001 4.326389979071742 -2.1183060096390403 -0.04788171817565242 0.011468816529551526 -0.005468991047775413 0.99642923510911 0.08346720773978378 
1712732054060000 4.575149604669898 -0.7790693402985206 -0.027135146922535533 0.010897024773432627 -0.006759042798433132 0.9964949544116088 0.08265972803097214 
1712732054160000 4.820639633319227 0.554309805280163 -0.020586197914605225 0.010095449666327366 -0.008308285353884937 0.9965551781851916 0.08188919787774446 
1712732054260000 5.065632763640505 1.8862631071692786 -0.012560056611344737 0.00974749734542653 -0.009420908144741773 0.9966068657405769 0.08118343885227938 
1712732054360000 5.3018737267269245 3.2189688444395057 -0.006914992970830543 0.00946954405599858 -0.009616681962336478 0.9966659525939917 0.08046524278072345 
1712732054460000 5.539900287047704 4.552830382257777 -0.00024885659757632695 0.009155546935308179 -0.009123825905923696 0.9967231964055492 0.07984725325497528 
1712732054560000 5.783895516926213 5.882010579073434 0.03469121821822628 0.009114487241664599 -0.008807623886924035 0.9967567008756766 0.07946956555456769 
1712732054660000 6.019650496365809 7.202946835515336 0.07802840021828733 0.009143454279427792 -0.009394015850848142 0.9967718245104465 0.07920745667159118 
1712732054760000 6.2527941806021765 8.5231342242717 0.08320492849152239 0.00912694446198403 -0.00978961482055522 0.9967830029645293 0.07902216701633266 
1712732054860000 6.4880107005816345 9.836728021287161 0.07419827886264103 0.009094934972955323 -0.008796725442225359 0.9968129060803339 0.07876068754309828 
1712732054960000 6.718845899553298 11.144766977806068 0.08602898327469825 0.010144346685960027 -0.007249078075321035 0.9968294176424439 0.07857713687130966 
1712732055060000 6.949612196490872 12.451482966743841 0.10718291740391447 0.010212007344691108 -0.006451765089767342 0.9968429127219125 0.07847282925169646 
1712732055160000 7.182786211886922 13.746979829784244 0.16690163148314544 0.010210794162503391 -0.0071868498281368815 0.9968388882996964 0.07845817331382601 
1712732055260000 7.410317184689413 15.026662456516284 0.2264522416771529 0.010078232477265366 -0.008736384303927314 0.9968475898188208 0.07820609402509164 
1712732055360000 7.636351816739191 16.297486869212115 0.2302338158756576 0.00988158706900378 -0.00996322294598144 0.9968576153365227 0.07795992774902669 
1712732055460000 7.861668669143547 17.56227238492327 0.2309982280562325 0.010141609304914943 -0.010275809574083482 0.9968492984905575 0.07799356701392432 
1712732055560000 8.08438608300624 18.83221311259903 0.2532416691073837 0.010074948398528662 -0.010061833999606112 0.9968416031264502 0.07812824852754235 
1712732055660000 8.316088039836782 20.139313228817898 0.26921175226188265 0.009819376874214402 -0.009385775814576268 0.9968394592437624 0.07827100528235936 
1712732055760000 8.544197411568126 21.419982739279106 0.2915753041821896 0.009970559575716033 -0.008439679008285107 0.9968483079925621 0.07824675928905325 
1712732055860000 8.76470846628405 22.662302050251782 0.33154648984345125 0.01068425943389066 -0.008332249435955575 0.9968503339486153 0.07813816199348461 
1712732055960000 8.976548417060812 23.857526823754885 0.3608868669408675 0.011426254876520096 -0.008883108576723147 0.9968460196477558 0.07802793417164774 
1712732056060000 9.191472723660597 25.058927079177934 0.37854384255353246 0.012130765148347284 -0.009056512790045627 0.996842690460748 0.07794440430732008 
1712732056160000 9.409482034003261 26.28447184197318 0.40126991921843247 0.012436217936353158 -0.008998779127121749 0.9968467179686269 0.07785229635065029 
1712732056260000 9.623277735605491 27.501096446016422 0.4341850535887097 0.0120647152008649 -0.00947280054980317 0.9968591867762939 0.07769308997959748 
1712732056360000 9.836675432929825 28.70971079568164 0.46276189453857974 0.011690051198733478 -0.010366137020966771 0.9968564209147427 0.07767193792242318 
1712732056460000 10.04980279182248 29.913215426974567 0.4700636057619084 0.01116487865025255 -0.010802052293458677 0.9968676756096118 0.07754578807128304 
1712732056560000 10.257933604642496 31.109220413544133 0.48302482923292295 0.011517568553955302 -0.010654341201258057 0.9968932532092329 0.07718372367217238 
1712732056660000 10.469104906689447 32.29315615291068 0.5093398610163984 0.012704619274165566 -0.0098405139357743 0.9969164941496858 0.07680188790351888 
1712732056760000 10.679326254134434 33.47323416404875 0.5550880017306514 0.013738493790546796 -0.009378053892245008 0.9969440808966459 0.07632524466515567 
1712732056860000 10.882169991433678 34.64306517587967 0.5995119752077929 0.01369227593277457 -0.010430331264303152 0.9969647683378978 0.07592173965981062 
1712732056960000 11.081751763002934 35.81027595108353 0.5963718893504051 0.01321096908792086 -0.011362928159898178 0.9969906589314108 0.07553719400742355 
1712732057060000 11.27481891005542 36.97074280429089 0.5911633773442188 0.012989233800116625 -0.010356102288377175 0.9970439178801855 0.07500979505823505 
1712732057160000 11.467455540319644 38.12306221127096 0.6322777454406923 0.012290562023748546 -0.009265984854586917 0.9971019135127275 0.07450142089345886 
1712732057260000 11.657260256986474 39.26298803479812 0.6922072250513965 0.01131818094320474 -0.010227464432013477 0.9971339208569583 0.07409517486476926 
1712732057360000 11.845869822684568 40.39991828691526 0.7321481771311549 0.01081512893109564 -0.012382206959668563 0.9971506523883873 0.07361349156271563 
1712732057460000 12.03376525828315 41.51532542740704 0.7162244129885019 0.01052600307854433 -0.013492568869678482 0.9971769355519629 0.07311094291664208 
1712732057560000 12.2175182270424 42.623947476382156 0.7159940704475316 0.011004699031030196 -0.012996258616104933 0.9972193133363485 0.07254674720877058 
1712732057660000 12.398267537956599 43.727721700855156 0.7879232054491536 0.011257413949708923 -0.013283642752941298 0.9972588867566303 0.07191022940086979 
1712732057760000 12.572655984512451 44.80903216303389 0.9017089715188276 0.010316333184084916 -0.017791588666264395 0.9972411762096147 0.07124330137406659 
1712732057860000 12.74365114994053 45.859193134689335 0.9704299740970135 0.009531206534094604 -0.02503739845192663 0.9971301920038633 0.07070895058304974 
1712732057960000 12.911964673775895 46.889204621253015 0.9514471991308393 0.009096955406790872 -0.030100714487130854 0.997037623445102 0.07017327884320676 
1712732058060001 13.071220473280462 47.914358632371844 0.9119054437844613 0.009240827745334227 -0.030729267038300513 0.9970581254914871 0.06960544118065866 
1712732058160001 13.230455205616403 48.93774119312805 0.9120391995924204 0.009484616344089643 -0.02814795590501823 0.9971636416064682 0.06913333257750937 
1712732058260001 13.387528244717618 49.95074425055641 0.937465226277895 0.009467123256782861 -0.022921309085996648 0.9973134165854836 0.06885593307186658 
1712732058360001 13.546046494586559 50.95979665480009 0.9642444638956618 0.009666874407940302 -0.01555856672105453 0.9974690483712783 0.06858912822173235 
1712732058460001 13.699936893710042 51.95770778955828 1.0140607451578203 0.010101120951967826 -0.00782564792001432 0.9975797922503837 0.0682461532934607 
1712732058560001 13.848399428494702 52.95008844631524 1.1127102809879963 0.009679653738389339 -0.002391095666284955 0.9976325008183007 0.06801346853669345 
1712732058660001 13.996062374886503 53.92575886321519 1.217769426828199 0.008302462230102295 -0.00065859602725 0.9976645522792702 0.06778955120493955 
1712732058760001 14.146051121110949 54.88693798960584 1.2864952779958339 0.007338479616039875 -0.0019195800899231305 0.9976750448679025 0.06771776828722921 
1712732058860001 14.295344621118332 55.83794123913643 1.2999673592675642 0.007020816771670366 -0.004510855091312214 0.9976764137780214 0.0676032035065397 
1712732058960001 14.44125684791038 56.772219740537494 1.26684783977124 0.00747173184248617 -0.006198730872839508 0.9976757400722714 0.06744239108145472 
1712732059060000 14.588354922035805 57.730704450437045 1.2292120994060802 0.008363920330574856 -0.0055514755686907995 0.9976998675773363 0.06703148998671277 
1712732059160000 14.733625228360886 58.672616834076564 1.2120880814321477 0.009162170868009883 -0.0034413480856596004 0.9977479067266046 0.06634534061785358 
1712732059260000 14.870408994043075 59.58768587424889 1.2359279750699852 0.009937575241985934 -0.0010244450736054457 0.9977995112386191 0.06553295223606906 
1712732059360000 15.005445483055073 60.48737410842898 1.278079499647617 0.010288133489681175 0.00019707411044097466 0.9978405945965467 0.06487029279234938 
1712732059460000 15.128173622129491 61.348373249647395 1.3078720836521263 0.010053618946334008 -1.5796244555853103e-06 0.9978663819830148 0.06450940364136239 
1712732059560000 15.252154652666018 62.205675568397936 1.3145503040972504 0.009691639075582808 -0.0007291722826595782 0.9978779290510164 0.06438164483347703 
1712732059660000 15.379195596101436 63.06068919396877 1.308508672684484 0.0094572954121248 -0.0009494285162989954 0.9978747332108631 0.06446435792624766 
1712732059760000 15.505685153286692 63.900006801805674 1.2967803132597806 0.009408638122685529 -0.00044945154882420187 0.9978676078090791 0.06458627221061644 
1712732059860000 15.632071552403827 64.72854862384204 1.2982653869622713 0.009654010342783686 0.00029719943920162835 0.997862992220619 0.06462185409406741 
1712732059960000 15.755092778221893 65.5437062765234 1.3094660663447903 0.009674578281243625 0.000750763807122725 0.997858173972189 0.0646906014602716 
1712732060060000 15.873689450389993 66.34707120107142 1.3130218460541205 0.009658563611076962 0.0011761517433895334 0.9978503403803393 0.0648070085980085 
1712732060160000 15.98993883773158 67.1321206445275 1.310974045708297 0.00971239950897232 0.0018197936986017126 0.9978438518798118 0.0648836161044807 
1712732060260000 16.10589290076507 67.90738193947575 1.3082778083194055 0.00971991992228514 0.00252857643418478 0.9978393172862581 0.06493311857234693 
